1	.2334262258118415	.2667213688501333	.3001524116045902	.44183470889213006	.7014896382478228	.7027403814436802	.759654827498617	.4497345973612272	.7445609085156739	.7476371484557662	.3390595662760758	.5609384138946021	.9298479144425528	.9094443286201495	.9453440485167088	.838039352209786	.8216719136828948	.829599654399698	.8296556064581379	.9636844206633349	.8116415652799845	.5609453957199098	.8525615836798902	.9689508742828703	.5748736146561869	.9522770201252684	.8391478890876342	.6514340334522793	.3761197053537147	.9745763966358324	.6059931024386811	.9815311675208123	.9842444604020233	.8652783195632361	.8548519813950025	.9869931186052501	.9859838953228829	.844994431125976	.961299804187984	.9796091611787244	.3657534444919225	.8652119755380424	.9815469079277539	.9833402186722072	.9924529653288796	.9840986316309518	.9841073977919977	.9665755061135274	.8413124817800821	.8394319553425931	.8673110535490827	.9642328995956642	.9939676398295725	.7993879040905586	.9891560317744634	.8660668726176357	.8652623973540619	.9759822622766003	.911927302365579	.9785673015679086	.8018376105137439	.8980301905760987	.992431512762413	.9823937693774906	.8435685661750781	.9954395664028249	.8637434608557781	.8727982863125547	.988949084628567	.8329988151356327	.7494861525117091	.8692286934724579	.995207645702664	.3538697176338268	.9899878918885251	.989115274379663	.9900427167801199	.8098200537391068	.9922727368835081	.996876566054578	.9798101327301153	.8447811489773128	.8688454114226919	.8744177090162853	.8459282436048147	.8481432462762483	.8688249002865224	.9801437887843587	.8873446222685255	.9788949316448862	.8724891743058922	.8664481015785531	.8720759387088538	.9908731067218458	.997059294140373	.9865500025751963	.8497960062256089	.8446122006464919	.9905326097586107
.2334262258118415	1	.12116715843666023	.06417810073488801	.09024707604341338	.5871189284388312	.14400409296402863	.09448474143224445	.05344651086827116	.15134092413727462	.1537814053785223	.5487888224696684	.06695482338797304	.16291618487605122	.2931495678354123	.1339176790223202	.18336802133876037	.1691898495071874	.14210974223849962	.45802465277562293	.4604270737400565	.1619029163799513	.11055915424191379	.1867611175361157	.13768577380796562	.16141943356641844	.20065132155657467	.17306229565151965	.5220728589868092	.045226716424241774	.13825768055944876	.07017707229435576	.306341390370046	.12316886838728659	.1486623334578165	.15786957058772663	.11556289071964383	.1371819558018294	.16196808496550247	.14686680016538492	.3210545876801153	.14804325383989167	.15982494335485317	.1359903053958593	.32368990607353454	.12412033464121132	.27219010981721903	.40107317501883	.10599664851669542	.17340923467533445	.0937210087702824	.19010552142561296	.382564016060435	.21777309043925122	.15529759956336678	.3275674952893961	.15996323096024762	.1485806555916966	.13849477618247752	.20144775448171576	.13887309235267437	.14762663204990187	.15477939291685963	.2530854357145938	.37430293284856725	.17403786753454545	.20832177994160872	.1892241522687773	.19145767897328494	.27369298506697326	.15112401230765504	.1797046328780847	.1493229657010006	.31957077683162743	.12908174567421252	.17578244385062683	.12374339741556215	.27399590569507715	.15455803345780855	.13692036149600742	.21844876738690974	.13925885149875686	.1742366396044096	.14921678920368378	.2042045877631356	.17444899673004793	.1625250735535285	.14926539524979948	.1391349681638726	.18423681815519877	.13893168929011174	.16136696354389898	.10186549218266254	.19123459542260882	.2742323879125964	.2389646556551762	.2798864525232226	.21342044506062666	.1619301324772336	.1312391269803974
.2667213688501333	.12116715843666023	1	.23310699857805303	.41230394580927404	.6519320663415642	.654796544982492	.19776710008654552	.7637833786661214	.826220683228372	.6588425557041754	.8296419053126006	.8364215450152771	.5840195725443211	.32329761392747636	.3996663222248131	.6743884607928063	.7045850175629172	.685170132356007	.6736767764548663	.3589476375361597	.7496447486497589	.9103052408497548	.6823123318738222	.41795493457008964	.9381851134414194	.4756191330453065	.7243833548891966	.778813215429171	.8455393910554192	.4133735722246836	.8590791293173615	.42642159776729166	.27989871075473827	.6955602617096265	.6935939206338833	.20461924006092133	.3547524463177895	.723749373554587	.49750473764261055	.3558810013377245	.9911165476868283	.6918055965151476	.3856810341840006	.3636390786485152	.27570453050591553	.39179795750751545	.2908566147639706	.44750276453820664	.7304667398036588	.7229937490094556	.6926729867301483	.42941465267406026	.2985171936893655	.7811657859358321	.36569103903209343	.695118038501376	.6966009644412302	.41747588791652795	.6185964560585931	.41438194043986787	.6729484448252026	.647990774531696	.37361369697625313	.3631188328477908	.7278973113478407	.27844851868576614	.6877826161401169	.6911815961330052	.3802548873938151	.746261269762109	.8302831764934243	.6938556628334446	.30300716799287386	.9956687133984706	.3803601598704521	.18492283384080563	.3786465500184432	.7702326766425921	.27655268898492846	.30483900954206006	.4172728459296388	.7270699864688586	.6935889506999834	.6950469946660399	.7268951817485267	.7263621005279769	.6924162138771321	.4156707546747741	.6683039212650839	.4175703618863291	.6861340201142884	.6898446031353671	.6902969273208905	.3796808604794264	.32915955686157483	.39212160794271744	.7260749086521935	.7269255677278298	.3374391294041623
.3001524116045902	.06417810073488801	.23310699857805303	1	.21128214104562817	.3015175556309751	.31737164437628357	.2138195055935741	.24112129327130097	.3568485164737812	.3373141450164507	.2553249444083415	.28131672221963144	.3598039898510254	.28050717900469113	.5612633151552844	.36572525874425715	.562141467137079	.3653016814323093	.3443291686661147	.3063733689567233	.36495537205631806	.3145137518616035	.37196208108559914	.330856654710191	.3534346005639564	.36466285940499277	.3707959583525637	.32224566745373096	.23565531956574523	.3299446011775693	.2960834661943376	.33059055049457703	.3019397496648801	.3333271977097827	.37490141263785354	.28784048846894433	.3212681221604979	.42770403854198735	.3455633561754878	.31037078603499385	.3144935913429575	.3727718478764659	.3236517930754464	.31461666472093375	.30270461956086986	.32347510310296235	.29819730001724815	.31792220542090704	.37105274638251085	.3626014227478123	.3780211375881476	.32314023119166374	.3065211123654916	.3735976557579765	.31894234923441533	.37358695653469554	.3334328960176531	.3310876170434427	.38023328274360224	.38816971515847304	.35518412552473383	.33371001301903086	.3165918403355163	.31392859024062136	.3715116914497474	.30054855432635946	.47020713328629227	.37943254965375617	.3236932427101424	.33359049081123454	.37218459116308494	.3339704692499801	.30512100997934316	.2543366129543556	.32483936931401935	.28778074023005157	.3227685086519261	.3673178076336684	.3045271606230531	.3085430329123918	.33366022860842953	.3718308523383704	.3791601595298727	.3346598981699309	.3719304038675966	.37160363003900043	.33361791735702706	.33108030136034483	.353253229056002	.33190345185407777	.37929956368970735	.33340822994897773	.37910723224046783	.3230532051879163	.3127870941100344	.32286765510656057	.37219908307285965	.3708849027546981	.31633420011524194
.44183470889213006	.09024707604341338	.41230394580927404	.21128214104562817	1	.4199247525378964	.5137696685471982	.31700947598009893	.4450125638620114	.5574427614905748	.863030701367381	.33828459688535056	.5287680123425053	.5522211858689605	.40936916489223707	.4705179192124982	.5588705815774763	.5667467942216463	.5201026157908009	.5084064570691996	.44568574397626626	.5162624815267463	.5028236157652819	.5706559827651909	.48295333738382584	.4913286632391076	.5587857874477877	.6439202849148989	.4736570154853156	.4311265798719754	.48076376640421215	.5363892079324994	.480964523155697	.44665160161844214	.5370549403327963	.5765720922709826	.43402234561619424	.4896899130802979	.5290497355678727	.5000216306422397	.4522603015115773	.42945211588801924	.5798360900059978	.4727926760035152	.45833155438174444	.4466600767061763	.4812874259374321	.43744757409241075	.49776057882935026	.5734282589095642	.5793959569558175	.5715488186914778	.46676871765133	.44975794214421017	.5849214375874474	.46440582895736593	.5810452467520303	.5371834644363329	.4824384440064238	.5796349230035289	.4837537437489405	.5451864731219919	.5366485936515976	.46849387087210076	.45696471551734746	.5798102273583304	.4433170254251897	.5702639276314122	.5734601408838929	.5318279195730559	.5414549312634577	.5846893204079606	.5381760585862505	.4473450520964751	.44308723594029	.4837131901337005	.42060761434520705	.4799281678884153	.5278528280479792	.44908406134077145	.4526902924226199	.48597654007241864	.5798727748172505	.5562161181962816	.5388308902211371	.5801198286991064	.5296864156334943	.5376483882832497	.48361120115235623	.5822440463844064	.4836145111300693	.582152564660129	.5376966099213671	.5816201464539403	.47207048015507413	.45745087919363064	.46900475003889686	.5802520814763793	.5290655761073236	.4640402242225561
.7014896382478228	.5871189284388312	.6519320663415642	.3015175556309751	.4199247525378964	1	.6854236712060813	.6950699061123143	.5769115498552224	.7968192008239893	.7092361087124565	.8891938319269718	.6712073821492612	.7645437913561367	.8370142298329054	.7073271337345881	.7757495830384817	.783699470343647	.7580047647927097	.9624868626537368	.84465052835253	.8617370829773886	.7404194852380599	.7855494977351056	.6906581419120726	.7802883040875697	.7340598924826518	.7945996874849536	.9785403095265728	.5837090879696337	.7223209193909819	.7061025676021309	.8117373223320027	.6448740849899978	.7795712201770483	.7808432344421807	.5850899436226549	.6670037024964827	.7973050704880138	.7697677981886041	.8197605870909619	.7079471203348561	.7854448350778926	.7343756677386243	.7999395648317509	.6565719423968929	.7712905874080167	.7773378198857103	.6887602834996824	.8004486703469483	.7617632378540649	.7985571619503745	.8652287098980784	.7013100466375771	.7984595601560442	.7754504960599763	.7875958420841414	.7818496236572288	.7242683598518307	.787273261634843	.7263098729706735	.7407856798390481	.7753706522208822	.7639176750068476	.8151095250905067	.7999875748071984	.719611363459323	.7978589733798626	.8019853132075756	.7707778786780158	.7931189969601364	.8104642910849181	.7830509654467637	.7572616423351735	.6918281631954191	.7316529714355262	.5997853732279302	.7717467815139655	.799911452968764	.6379143256237936	.7038450586907983	.7080707202220953	.799857660052932	.7839356248506142	.8092088728619568	.801899248192874	.802408603965468	.7821019074602926	.7258090554730655	.79436227723742	.7254706974342399	.7873183460150731	.7600392909584655	.8027913481514862	.7729195407080972	.7442616758808654	.8009336989811162	.8197572325178824	.7976832583234073	.6917740485224348
.7027403814436802	.14400409296402863	.654796544982492	.31737164437628357	.5137696685471982	.6854236712060813	1	.5037028989339567	.6058533592495096	.8355598807185949	.7895543186451122	.5674836948301055	.710278795825534	.8322126101446203	.65467355152528	.7503581867701659	.8238452951234625	.8356833751605761	.9576510709999646	.7889325469957101	.7124035572161789	.8325139920178929	.7582943103991	.8389826612313112	.7700153075926751	.7989307441485124	.8100695950315512	.8551578994685213	.7311074846174852	.5989201352432489	.7666461510190594	.7455055378682506	.7669445078334257	.7088137184283652	.8499848308192559	.8479678566321615	.6764381666866173	.7504723706488011	.8516648379304024	.7993362052821777	.7229959216899531	.7034988185909447	.8521856972343993	.7532773040505822	.7326839313590805	.7089205590593112	.7535159807523423	.6965246171831235	.7867973619424463	.8944934487157564	.8536646955700028	.8521648504981472	.7489146710159884	.7169969386462363	.8566928584913219	.7422448139496265	.8540348491044842	.8501859154689486	.7693041178579599	.8474884439934782	.7713501362561201	.9802776256987993	.8493849583169175	.7457332358925496	.7306228291677705	.8549145225506727	.7036363371036809	.8503999706345655	.8499630945977896	.755407915748862	.8571339049259186	.8505964560432927	.8517445885125475	.7129570378738499	.7032966907829629	.7570443204063882	.6677671882559341	.7512886613094234	.8488208921841254	.7126566166093208	.7522000757688035	.7748064179432447	.8549188333311508	.8545212318877992	.8527683958846876	.8551547357384791	.8523637496654547	.8509236207689328	.7711169347394994	.8544124387228251	.7711442177843179	.8550995359121891	.8509126111817464	.8546677406081232	.7516128515817346	.730038687474949	.7509182467903224	.8553778235596833	.8516048975594117	.7380437730681803
.759654827498617	.09448474143224445	.19776710008654552	.2138195055935741	.31700947598009893	.6950699061123143	.5037028989339567	1	.3277683953309419	.5351516220309543	.5355993509074977	.4162937044679499	.40772766038126124	.6644693405736337	.9406689082074295	.7355902042197974	.5960153512083673	.5884825324106688	.5951483850976229	.7163318621352323	.7509485758426102	.7232636519473629	.4064717755355429	.6084451986845281	.691726170038443	.4156221908992051	.6781688360059615	.6010273294589051	.6179803443343325	.27623409244041464	.758351237417305	.43994732475823595	.7668610279395967	.7427906633206147	.6208685332250369	.6141760578087098	.7030346085171542	.7030097151338442	.6059980450415108	.7684477897040932	.8316574857448459	.26740505001678133	.6206607653733084	.8123402660621868	.780031471041091	.7705907498980287	.757487763068203	.7366263588957824	.6940807660208463	.6024104158984661	.6077469565437339	.6173245859636664	.7927786872808473	.7448918417520758	.5749087970589942	.7225832649691617	.6211402703794028	.62056577486137	.7595230647124599	.6495042342388538	.7614930423511111	.574725739729334	.6432862962399694	.7629338308383885	.7696262197858693	.6045337313953456	.8153275606762856	.6147788966225899	.6209081354057414	.7608096884034806	.598066475536556	.5378975220312298	.62337796917317	.7582286533102349	.25965621910351927	.77045378164589	.7453893518641004	.761567447302127	.5815854632053571	.71870997205106	.747312475083504	.7243131796415393	.6050398530437261	.6233492657664198	.6226128740631122	.6055730126441206	.6074601482672743	.623172908064779	.7627272581069419	.6342201145158506	.7618677069395811	.6249884814693799	.6252408656615909	.6220565099020964	.762212820549453	.779923568932125	.7950142170497388	.6052105367314362	.6059641687679718	.7752373659974793
.4497345973612272	.05344651086827116	.7637833786661214	.24112129327130097	.4450125638620114	.5769115498552224	.6058533592495096	.3277683953309419	1	.7269712051891658	.6767826144363173	.5979117578399838	.9086312951655132	.6573146274306224	.44391096958490267	.534366732841097	.6971883041721849	.7065875126318896	.6890345840211737	.6505889638810898	.47804680835200997	.7284750919325539	.6793950547219229	.7373855145049777	.5592133224050735	.7912004839837028	.6645954678852233	.7298676926008365	.6615118897779103	.9802378075603566	.5537708215753366	.9254638121493605	.5465233639646196	.47566077002520635	.7227715256819717	.7344488114944009	.4208998667833721	.519694215211336	.7248328167242853	.604757662313481	.4914539822496014	.7666152401201345	.7220553659202693	.5338971130870658	.5025177309310689	.4705026179828633	.5248360572385958	.445618487271287	.583558856745915	.7246498729340038	.7327108168163134	.7332495088260346	.5305756436225795	.4724241218494426	.7546459171570583	.5058383352425742	.7273817952987504	.7304465575109638	.5584407048439712	.7084262208333526	.5545014937040351	.6682606032114823	.7164503973298192	.5005023037602921	.49510341297121935	.7331411405221006	.4576951551405848	.716495559108482	.7200758953130312	.5246994365366974	.7497950783472909	.7712259501164338	.7254546123926354	.46463469276368485	.7856514107985333	.5300798738206063	.42257464351806734	.5210260608831352	.7300524790750035	.4672497609774233	.47328036909134086	.5589491019876159	.7363502755641004	.7274674991108513	.7213152153730792	.7293249091621209	.727472647913071	.7218016713407381	.5561745584265959	.7221171974374417	.5567799542492445	.7132941585197935	.7253791609588086	.7225655362464495	.5213483276672443	.49003253000222413	.524361491459189	.7231756097928502	.7312933277208139	.5060125985628389
.7445609085156739	.15134092413727462	.826220683228372	.3568485164737812	.5574427614905748	.7968192008239893	.8355598807185949	.5351516220309543	.7269712051891658	1	.8891868619659585	.7128636716157978	.8637670957655291	.9314641769024312	.7067864359236966	.8176824703407313	.9348121457654277	.9575330921724987	.9334491044233367	.9029714501238164	.7685403851456225	.9638497774071679	.9656713320965369	.9502675244681346	.8399498191906908	.96622260359218	.8511614437053102	.9770415986451275	.8645272186593941	.7534016737758339	.8359017311358946	.9120948408019445	.8363711005771124	.7527421381107837	.9648601314810215	.9599503930599674	.7068264798375595	.8083354018811157	.978432532801037	.8839959359005212	.7804683561720728	.8817341764440637	.9654843152053854	.8175024182157056	.7912195863404111	.752979338320801	.8157109083219716	.7405411666814562	.8595478835330997	.9776872315185731	.9790608930738944	.965602010933805	.8197529391629713	.7651159668556402	.9919132508790282	.8014561932289959	.9674110080662941	.9649889106502679	.8390172373745951	.9348713489347251	.8408964902304952	.9076268334571572	.9492146921583106	.8152555226161674	.7886039178067615	.9795982511300475	.7472096210183319	.9633400085227203	.9687688847090271	.8143601036473518	.9820314779446837	.995055505190863	.9672766638641392	.7601026859505937	.8735480019451162	.820082788078922	.6865092458795528	.8119646019633411	.992442258163823	.7568273403333198	.7693231564362877	.8447436672492029	.979774609075534	.9692770268576307	.9679607446010124	.9802423357965702	.9797246459915379	.9662174360312936	.840748361287912	.958134861589842	.8407211105894831	.9693072360116397	.966564241122359	.9683115238334166	.8126064434825965	.7835503072885335	.815800070922827	.98034172284108	.9783782898110739	.7934667728505951
.7476371484557662	.1537814053785223	.6588425557041754	.3373141450164507	.863030701367381	.7092361087124565	.7895543186451122	.5355993509074977	.6767826144363173	.8891868619659585	1	.5698105434260268	.7963345857266251	.8864170755132765	.6928833218802313	.7917738267361558	.8786623157765956	.8910339011606151	.8585436836548669	.8298638000803225	.7540753067639069	.86213933183644	.8099908168640115	.8942821331812011	.8123418054297983	.8154133605841694	.8616705209420279	.942176289138177	.7640381521833187	.6653050397583542	.8087829381123639	.8274343912131534	.80923112132299	.7536917943842896	.8859399670025995	.9038863864024005	.7250306936072075	.8029862428828484	.8840764996429383	.8396669629113059	.7651303135876703	.7091166382052917	.9083206644901732	.7957822648340537	.7754090303272122	.7536387320862293	.8010572549434728	.7403420509398008	.8296263584861375	.9067464589614792	.9096207551076253	.9043606055133702	.7893262343096933	.7609629301737332	.9122744690248512	.7854645870937116	.9102959502387805	.8861780212740152	.8115764517181654	.9028360848925038	.8137701558181245	.8556190484026329	.8839780625649244	.7927356646188523	.7730127359131423	.9110368021515082	.7481512795742444	.902519925374894	.9070060866475604	.8267339709521635	.8907906594392265	.9057097310415907	.8877050231655392	.756945457793067	.7116056847007408	.8046723272414448	.7093744609358201	.7986047088995314	.8826607245320564	.7575893274440055	.7658734322162204	.8173601372884596	.9110336457356766	.8985572052928745	.8888500763740272	.9113716036399236	.8851039798377998	.886832692935996	.8134858671033425	.9101399096903944	.8135414497132277	.9113549926176392	.886688145194133	.9109334650420464	.7950556025896222	.7738192399662139	.7931635792779482	.9116089610134248	.8841265779417422	.7818152510124129
.3390595662760758	.5487888224696684	.8296419053126006	.2553249444083415	.33828459688535056	.8891938319269718	.5674836948301055	.4162937044679499	.5979117578399838	.7128636716157978	.5698105434260268	1	.6684693909482653	.5266375691965931	.5324446008034369	.4129864764555153	.603420389346165	.6340260952358499	.5931315985037423	.8049954840927654	.5319209853747946	.7273481341906437	.7624384290427869	.6119268242967653	.38589532373369817	.8059389564413019	.45509575154674986	.6382602209470809	.9335685067498606	.6608925603668703	.4139883284412913	.6887046517993364	.5089899765123711	.29803622489089493	.6030995007424803	.6150975798154508	.20838306768741438	.3355922215422284	.6401373633592774	.4930171858138588	.494570763733562	.8421900604998428	.6086076735446194	.41475852868318414	.4757570128354512	.2992350449586077	.4575335990507292	.4348804427815672	.3924902431533223	.6452315668684823	.6031525306454837	.6212334297766843	.5688137717702337	.3533706507754575	.676917393768957	.4496846304856251	.6099950101196424	.6041924442705366	.41714868503465885	.5679599606890567	.4179839361043486	.5841436172874077	.5691334425846005	.43678770499569997	.4944526439635271	.6463751018179364	.3637305664758087	.6222565224684398	.6200531194395434	.44933274887906993	.64484491196771	.7264248590543197	.6033119512707523	.41101068432277793	.8296585465893046	.40745351869053303	.2170040345249248	.45001415164065267	.670890442453395	.2812990692308113	.3554888301206192	.3990341204250222	.6426789462178109	.6064979800965734	.6289762617270578	.6435780064852039	.641017408997865	.6028868783807836	.41610261685516675	.5999478485813654	.4171037026263782	.6049452029809851	.578787101378696	.6214652346497498	.45121299735230336	.4020001744147154	.48269623347902496	.660758464749037	.6429759508382269	.35376372973057896
.5609384138946021	.06695482338797304	.8364215450152771	.28131672221963144	.5287680123425053	.6712073821492612	.710278795825534	.40772766038126124	.9086312951655132	.8637670957655291	.7963345857266251	.6684693909482653	1	.7822084306160035	.5449163884099536	.6494640500817672	.8130111805638174	.8274179067552169	.8030224120055337	.7645202628344573	.5867530185130014	.8490505499306326	.8244192305965021	.8630446954732498	.6798926684951976	.899567323683098	.7550530990626163	.855364506701285	.7622898824698491	.8874273733596337	.6730706163925798	.981093859047812	.6635519871126915	.5917323066834578	.8423641601359607	.8588240705034574	.5295846638144505	.6373546036727955	.8482388618161254	.7268407884779231	.6031401998058645	.8570147306208902	.8416936855484791	.65127028516368	.6170429285534844	.5850881251832893	.6424479179684348	.5540811612800793	.7015875364581833	.8485328700216035	.8578716182489976	.8562135118149427	.6437656986363164	.5858403161603816	.8781188613371949	.6207730740175036	.8484756894011927	.8522935755583652	.6790065450689018	.8182207653811442	.6738399650155841	.7792602314860057	.8298763658820832	.6234016115500157	.6076495447054963	.8591613827601559	.5688719915366129	.8351416747742113	.8386370033748015	.6420466309403364	.867732435459117	.8921350304299079	.8454036007991428	.5761932821417273	.8669079451697738	.6484428578681238	.523188401965539	.6372931388264534	.8595069826367684	.5807397347127499	.586857824706939	.6792143826341143	.8631347608018368	.8480859817063836	.8402427143274236	.8540274222578939	.8513793866933901	.8407402812017268	.6758899785904315	.8391820105262023	.6767445304931816	.8295077392676085	.8448935257045356	.8419598245829973	.6376680657245805	.6045012735198002	.6404509586477277	.8461780834457944	.8565481043218549	.6221215482122662
.9298479144425528	.16291618487605122	.5840195725443211	.3598039898510254	.5522211858689605	.7645437913561367	.8322126101446203	.6644693405736337	.6573146274306224	.9314641769024312	.8864170755132765	.5266375691965931	.7822084306160035	1	.8393636033244846	.9458936455678556	.9528518801063405	.9565106820831871	.9508577842121092	.9055067506535406	.9098981798582894	.9422335824234894	.808533853338551	.9688657922363069	.9735030144035648	.8238225642394694	.9765584538871818	.9763242371198426	.7822692071847999	.6251618499887905	.9693215232804059	.8282859486547498	.964433740837818	.9335914447751259	.9844905423162955	.9781129039301745	.9127596717076951	.9656198072395972	.9784311594943117	.9861176454024011	.9270999141204023	.6648668610148868	.9847702808259987	.9598756891407204	.9392294212646044	.9355066340057162	.9587345892889353	.9114425484142822	.9842185868879755	.9770222285963528	.9795151588402322	.9846640956542763	.9380985155341934	.9395914536683528	.9619055424551163	.951559397675493	.9865401992990893	.984495996542058	.9723467625735451	.994687461128165	.9746060658198653	.9234784722536047	.9943721526416667	.9600399165474671	.9352208429244481	.9791165559951103	.9264083270354653	.98201281075515	.988345263274789	.9605425352414287	.9750222848060746	.9352982214220785	.9872214850067552	.931203559655292	.6566161912725698	.9671802990863485	.9015565466131973	.9586693371320869	.9647327326885324	.9403074121519344	.9440421064118105	.9796276910100012	.9794849849742533	.988887986780122	.9875967164660536	.9800089516505732	.9798983431985113	.9862497473851003	.974953342426109	.9925682402461568	.9746037752757489	.9894460967788857	.9871228672426207	.9877662380018947	.959394579899363	.9472498567303037	.9549405619268543	.9800087110327195	.978303480652739	.9552024207856565
.9094443286201495	.2931495678354123	.32329761392747636	.28050717900469113	.40936916489223707	.8370142298329054	.65467355152528	.9406689082074295	.44391096958490267	.7067864359236966	.6928833218802313	.5324446008034369	.5449163884099536	.8393636033244846	1	.8717255759787502	.7719999406829058	.7623851638360694	.7628498449817388	.8811811320324687	.9289233370467432	.8443264202632311	.5581463395725621	.7857722360253228	.8542265150086887	.5781062042835501	.851750322815319	.7775967107559765	.7693050247303719	.3897450602288242	.8975449518303786	.5847923206663068	.9295349404141577	.8793297330088855	.7937170616757209	.7879666869371635	.8473822493312374	.8623858221084045	.7824457182833863	.9067822503865011	.9660521457299664	.40850327334923847	.7954769003977663	.9309904890762906	.9365398013321612	.8985073123937085	.9162567470759571	.9136356268182927	.8523463039687437	.7802955761027902	.7713197216799864	.7983444964067532	.9509419184474766	.8983564709755234	.7487178978826804	.9038723929774717	.7963211461401276	.7941229779379304	.8990782439108468	.8306491174319961	.9014179382457748	.7389686309955189	.8176098752727793	.9203221285413147	.9357199799898296	.7824528565064487	.9391556336945385	.7954484594272323	.8028308315133457	.9200424532408318	.7722858014638672	.7139383047420699	.797374207843414	.9213547476896439	.3958641070222265	.9134869478982043	.8739515386052665	.9210822200577787	.7564528954971369	.8681103326116919	.9010879230449796	.8788379876317491	.7828464851542241	.7975082168700505	.8064003202383877	.7840482891272128	.7857616137068766	.7970057989889453	.9025901461191488	.8138997124823816	.9015276216907628	.8007971631157905	.7907419776660867	.8035232711217776	.9219557100870746	.9270673097894242	.9434867656575464	.790511364519794	.7828070826377262	.9067686425510155
.9453440485167088	.1339176790223202	.3996663222248131	.5612633151552844	.4705179192124982	.7073271337345881	.7503581867701659	.7355902042197974	.534366732841097	.8176824703407313	.7917738267361558	.4129864764555153	.6494640500817672	.9458936455678556	.8717255759787502	1	.8774784436247629	.9254212626251371	.8759573901576863	.8433566698542169	.9061122763951129	.8725513125557334	.6639109939440148	.8929912642449785	.9538456021959506	.6850864654904539	.94947992804512	.8872109488248705	.6930170518312424	.48065004698139274	.9612430861009545	.6935447275904235	.9516887417710845	.9472336964924818	.898324111573982	.9024144009718241	.9335590084190549	.9579111886094183	.9101661978844002	.9632866265453319	.9358416492461533	.503943017233854	.9078950396153715	.9627771089165081	.9392182178421419	.9524698186638357	.9508772681028608	.9181567555427548	.9546594001845118	.8901000782291543	.8931690466312313	.9079930315548849	.9278281555694101	.947633055379045	.8631932882801274	.9432954732159713	.9086786289886672	.8980657031802327	.9621660573517629	.9363662529090799	.9802496717842808	.8471020139238802	.9196792850274611	.9546660633455255	.9335889999246465	.8930749879935989	.9478867890612044	.9306329637490199	.9121068174918935	.9528142527383408	.8764744523412796	.8238482014311798	.9013845767121826	.9391394192245286	.4784851190058004	.9639761865827504	.9337546895607924	.9536062537112043	.8693775687817695	.9499936241683712	.951265693743561	.9648453030421096	.8931190490319386	.9143909027057563	.9007144768858658	.8937457076252927	.8962718281323865	.9010476370259927	.965305386237786	.9155949505090991	.9653639994881867	.9148218212940709	.9029447011329518	.911643492926137	.954558483317646	.954177445539211	.952314684544816	.8932874791248842	.8950089931834314	.9615940596094634
.838039352209786	.18336802133876037	.6743884607928063	.36572525874425715	.5588705815774763	.7757495830384817	.8238452951234625	.5960153512083673	.6971883041721849	.9348121457654277	.8786623157765956	.603420389346165	.8130111805638174	.9528518801063405	.7719999406829058	.8774784436247629	1	.9424335097692614	.9298509350136522	.8945000354330284	.8430858309450989	.9317859385409246	.8407966202429463	.946386105861811	.8992760536274335	.8663674068272555	.9211966435508816	.960203955981383	.8105531393301867	.6810906798069902	.8947068567554813	.8522541516690102	.8968102640985119	.8394968255297289	.95884110495928	.9541008303101548	.8099966933845331	.8820230548456806	.9598973284385276	.923961805754936	.85336959542598	.7412894926121719	.9607105582349595	.8815148279663586	.8651509838500444	.8413926735107833	.8853894428189389	.8308792291869136	.9131709717130251	.9602680912457136	.9589437583997622	.9612950670090538	.8776056108657997	.8509312298441482	.9562438178516767	.8764955630746837	.962900565153318	.9591418070930703	.8962838309562836	.9588413510920331	.9005671931068435	.9058272067776989	.9598609586315977	.8817434343488186	.8632090123418062	.9611544861796616	.8359228158467685	.9599688194685871	.9641155481255946	.8860569344763531	.9598296542378949	.9432373842791936	.9606371172362033	.8476792015130407	.7350878430989558	.8883555615115514	.7980104467544585	.8829419777393376	.9539240650007821	.8461361172492368	.8561069833311898	.9043355960691601	.9619354599515263	.9631823253345234	.9625867377679223	.9620952007811798	.9602047621776292	.9596646929067224	.8998782842316104	.9637636736892004	.8999848793859897	.9632090786296896	.9587775529122438	.9634701615994993	.8835747474994389	.8639952316785462	.8826950938871576	.9628346268130209	.9586003638794235	.8691067285380328
.8216719136828948	.1691898495071874	.7045850175629172	.562141467137079	.5667467942216463	.783699470343647	.8356833751605761	.5884825324106688	.7065875126318896	.9575330921724987	.8910339011606151	.6340260952358499	.8274179067552169	.9565106820831871	.7623851638360694	.9254212626251371	.9424335097692614	1	.9412018050779606	.9035382700133319	.8296131093503295	.9497497074222592	.8745918821419465	.9577635665024283	.8928118300285902	.8990732881664404	.916592616675347	.9737218848386885	.8297289751536517	.6995533283777862	.889132191623064	.8700261689455303	.8895282236875786	.827737899876933	.9611536310800017	.9681698372132954	.7921654376595318	.8720896042970651	.9861679393464813	.9234950426609062	.8417917484355592	.7828489996210802	.9715306730723609	.8746922610205763	.8530964759674754	.8277981392234834	.8758108490449963	.8138907402419189	.9041156799118587	.9735869872605226	.9716912424503363	.9729865224983958	.8690615654986263	.8368741481579979	.9742820450616845	.8641185345719603	.9736768054560954	.961422443904311	.8921900084696297	.9649982202253524	.9075416947280897	.9165196912436361	.9584262612792661	.8713810357132047	.8506909348194773	.9754513803398788	.8217360252461218	.9925127362108294	.9756795729060782	.8762744617556278	.9652779999775791	.964967675492263	.963033695029413	.8322591575695107	.7627692075719881	.8796593397021912	.7792067807180757	.8730836611986831	.9714284323538517	.8321015119999429	.8422078468028963	.8985123513605184	.9754081227995485	.9760582476243165	.9643083533447118	.9756473049805732	.9738928493096911	.962083123483098	.8940842276085361	.967626326293774	.8943493132392678	.9757366467381824	.9618452416393392	.9754289826360771	.8737171776547055	.8510923609399026	.872973084845007	.9759198038480589	.9731193924086634	.8590665996024088
.829599654399698	.14210974223849962	.685170132356007	.3653016814323093	.5201026157908009	.7580047647927097	.9576510709999646	.5951483850976229	.6890345840211737	.9334491044233367	.8585436836548669	.5931315985037423	.8030224120055337	.9508577842121092	.7628498449817388	.8759573901576863	.9298509350136522	.9412018050779606	1	.8827734196872861	.8262792757173261	.9351682278915653	.8384630940910516	.9451843428685041	.8975406236640102	.8727007058755394	.9213676218579548	.9554438291284144	.7979813732135285	.6738558698435528	.8931935078076884	.8451182144851044	.8884033441951757	.8363295868640168	.9617734585346738	.954104908366689	.8056594113008313	.8783142505476244	.9622428366069427	.923492958646815	.8426450062827249	.7495092782348454	.9604752293902058	.8798537810865086	.8541231833341715	.8382911933373155	.8770727128674702	.8156012052127015	.9136531003976793	.9802933351754979	.9613014281659513	.9605341711325652	.8650707881620521	.8438108647847671	.9566995091729826	.8650759163199062	.9626520986952656	.962064183849782	.89630355967614	.9579523908300887	.8990272221987914	.9949293195185207	.9632243201625922	.8725226829145994	.8500204706214717	.9601273623500767	.829499198280447	.9591906506706895	.9609914176340599	.8748570511523266	.9637118101836337	.9430352609041521	.9635966548635925	.8361372889979467	.7452344963943912	.8837166253207971	.7951291337485257	.874616320122974	.9558452483866046	.8423190176475756	.864658067029957	.9026710338206616	.960917189530078	.9651781248408948	.9632591660863042	.9610880029113408	.9625735395504061	.9626284397406007	.8983485189637378	.9630589351805718	.898452374657673	.963273766308754	.9637469722945449	.962237942066223	.8756940194827744	.8560358339694587	.8738145525561966	.9602050312426148	.960950615025228	.86670735413235
.8296556064581379	.45802465277562293	.6736767764548663	.3443291686661147	.5084064570691996	.9624868626537368	.7889325469957101	.7163318621352323	.6505889638810898	.9029714501238164	.8298638000803225	.8049954840927654	.7645202628344573	.9055067506535406	.8811811320324687	.8433566698542169	.8945000354330284	.9035382700133319	.8827734196872861	1	.9178495817243786	.9484330862507102	.8181112047322179	.9092838000513731	.8434227426496224	.8516181272393721	.8763413062596224	.9194847344547273	.9638451296085779	.6422638362272196	.8626564604349056	.8041571369218458	.9198595956158266	.7988923415425172	.9114872528045092	.914009740016509	.746933680888372	.8240243917752575	.9203454967762129	.9014718881915503	.9065758155376074	.7423582099912429	.9159075919100224	.8655379964807017	.8991187601927553	.8035575384919215	.891938641955495	.8741734943542763	.8470648483739668	.9224376629652781	.897788506140754	.9238965719888713	.9412421824929383	.8354455921449895	.9163657704815493	.8887351369711238	.9171396483940291	.9118663985707113	.8650447419198647	.9195678290668056	.8671787299182553	.8610058473191862	.9109973210812409	.8837706729319363	.9092714894046804	.9251531476403975	.841099142822082	.9222191276448984	.9263531461693603	.8913883988416962	.9164168902619187	.9147866897011824	.9138358256567299	.8683420720856075	.7283978348721556	.8669724614644867	.7518817205176055	.8906614550924495	.9170959422785047	.7937694310696958	.8388517784718733	.8575965350114573	.9233782748758461	.9163030507801901	.9314299876877892	.924465936040515	.9223101030617478	.9134082473535443	.8669727913812122	.9238613571928455	.8671076258181353	.9181286546883433	.8982255681688845	.9270209173912867	.8916104222734667	.8654317920476361	.9062199354585196	.9364823817578039	.9220333163244605	.8353751733202095
.9636844206633349	.4604270737400565	.3589476375361597	.3063733689567233	.44568574397626626	.84465052835253	.7124035572161789	.7509485758426102	.47804680835200997	.7685403851456225	.7540753067639069	.5319209853747946	.5867530185130014	.9098981798582894	.9289233370467432	.9061122763951129	.8430858309450989	.8296131093503295	.8262792757173261	.9178495817243786	1	.8363381571986838	.6060870105386467	.857193084249177	.9219318810373638	.6335788065027614	.9278398113957185	.8461654159485937	.7911283222702649	.4196894521150116	.932617112782232	.6291162443969249	.9829612084486941	.9237779250699032	.8596901224493873	.8546737231884104	.9114809634137705	.930490333621063	.8495272705178777	.9332310466898578	.9852552084738512	.45252454616035637	.8628303690845981	.94028420241545	.9847693316813737	.9314816865187955	.9714227324451741	.9931903255624273	.9145104090675414	.849080260528522	.8271692584043193	.8718076249089581	.9919262024587197	.9565298358722104	.8128240187527231	.9851060997901023	.8637324959685211	.8601205093420594	.9344334195097675	.9064804308813126	.9368395635532731	.8018945533901328	.8856680879592083	.9732299630863616	.995119467497251	.8514266236480612	.959773455074626	.868629704988655	.8766832392649523	.9753968852825963	.8373898829376403	.7798642588838003	.8636439100268549	.984900805353206	.4367225633098621	.9527680047036886	.9175468708247577	.9764986418672413	.8211178864281375	.9296553342578227	.9594297801393543	.9342752053492313	.8518768908347947	.8637963147899679	.8816616329176064	.8531758485507531	.8531107675390592	.8632497796409658	.9380474434438271	.8859174223913622	.9368657374063292	.8689660083436693	.8492508529734907	.8764969966736432	.9774206676595653	.970895406116437	.9804863160786265	.86600827788605	.8499125674375706	.9381057764899097
.8116415652799845	.1619029163799513	.7496447486497589	.36495537205631806	.5162624815267463	.8617370829773886	.8325139920178929	.7232636519473629	.7284750919325539	.9638497774071679	.86213933183644	.7273481341906437	.8490505499306326	.9422335824234894	.8443264202632311	.8725513125557334	.9317859385409246	.9497497074222592	.9351682278915653	.9484330862507102	.8363381571986838	1	.8958554470902993	.9470655395830806	.8724470335385581	.9178863735151269	.8899774228287755	.9633646956489351	.8976624266208307	.7290981679046318	.8927331917873277	.8905761345263382	.8955140978157596	.8183915129867694	.9632994358509971	.9630422622201439	.7602140141041577	.8462517085025202	.9715399073998991	.9352899735110651	.8684163990959609	.812637099339447	.9631766532159534	.8907339775278216	.8618843938621399	.8215870222901028	.8746368057729785	.8055332202467564	.888748770916037	.9688316423139294	.9684102566735829	.9620939023031164	.8910275373769587	.8256803083640073	.9726355938769399	.8514340312582608	.9644161460477794	.9638868265937444	.8932933977906051	.9470193487029211	.8956925927829745	.9084427860531783	.9568100669490995	.870550111277373	.8565782737391199	.9716840118968713	.8318508934836111	.9606978983789723	.9636178095488065	.8710782563996479	.9719730525992804	.9671158262162405	.9654627607178101	.8268542440427255	.8038923488798503	.8790669492142404	.7603628967985684	.871473874811001	.9740243904194243	.8084213632171368	.8302588976631636	.8863387274254975	.969686405132703	.9681333361468861	.9659468143425709	.9700342995524447	.9722870296827789	.964982592717351	.8947391538205524	.9610565567815813	.8962331345219791	.9643107399782165	.9642644332110605	.9642902655693046	.8727571749921578	.8520278331891165	.88587176327267	.9698101134364775	.9734110227496348	.8576672383957479
