2.071763446721895	1.9005381342188645	1.877613611494458	1.887885666868083	1.8908061454230145	2.042795674959866	1.8877168043434531	1.887990960924165	2.0076690573987768	1.8879382101298592	1.887990960924165	3.1267660110365894	1.888510508925122	1.8247981929732893	1.887990960924165	1.8884950944009953	1.887990960924165	1.887990960924165	1.887990960924165	1.8728145490379229	1.887990960924165	1.887990960924165	1.887990960924165	1.887990960924165	1.8846419136810604	2.0473657243743606	1.9007987902286951	1.8476035640840165	1.8900253179247357	1.884299949368471	1.887990960924165	1.8877119285805644	1.887990960924165	3.9078290627083594	4.092273031137984	1.8878756779018484	1.8880954682268551	1.8881965476506295	1.8880388669125256	2.302722298269653	1.8924617990084125	1.894545959964344	3.019582642880761	1.8886214552554184	1.887990960924165	1.887990960924165	1.8893634664777164	2.1492433726689395	1.8880578530619294	1.8938494869899107	1.8914748183641141	1.8878787283163985	1.8459428810346825	1.887990960924165	1.8898117735744355	1.8883189657631734	1.8884127506470356	1.887990960924165	1.8877627305795588	1.8876653197454936	1.8917892981758757	1.875655901525413	1.8878803239484694	1.8805911399496886	1.887990960924165	1.8782799364269598	1.8890604420270036	1.894669604122693	1.8879532278185387	6.350991821970996	1.8892414156440684	1.8877942525318765	1.8918922905337183	1.876478286571662	1.8594359473335713	1.8872398121860778	1.8884146950934042	1.8913823797756537	1.8610333771328944	1.8871482427252217	1.8878145678238136	1.8872534822921276	1.8880018868119404	1.8878495419381869	1.887990960924165	1.887990960924165	1.8765685327638726	2.5934159413814357	1.8889288743820944	1.887990960924165	1.887990960924165	1.8878377564746758	1.874852985538222	1.887990960924165	1.8725086421343102	1.8871295232600132	1.8880621271871245	1.8733865391247038	1.8859654298131319	1.8888397885628812	1.886182275175902	2.3154682037315832	1.8880415910875603	1.887990960924165	1.887990960924165	1.887990960924165	1.890083883286318	1.8848092539471077	1.8892743393814864	1.887990960924165	4.17914504944188	1.8876027915848528	1.887990960924165	1.887990960924165	1.887990960924165	1.887990960924165	1.8881680536409369	1.887990960924165	1.8794629519762243	1.887990960924165	1.8656648858094764	1.88755197216116	1.890912886747325	1.8868808938318866	1.887990960924165	1.887990960924165	1.887990960924165	1.887990960924165	1.887990960924165	1.887990960924165	1.8821983091007222	1.887990960924165	1.878251456651626	1.887990960924165	1.887990960924165	1.8884355214836208	1.887990960924165	1.8894681055252183	1.8881467302251183	1.9065253140237803	1.887990960924165	1.8883203266211708	1.887990960924165	1.887990960924165	1.8872838435412658	1.887981339702513	4.760613409002734	1.8880759008821284	1.887990960924165	2.1473550787005964	1.8877301977295153	1.887990960924165	1.887894061530587	1.8885040014266243	1.8875378189703362	1.887990960924165	1.8886651218211323	1.887990960924165	1.887990960924165	1.887990960924165	2.035102759181516	1.887990960924165	1.887990960924165
1.9005381342188645	1.8699269711293036	1.8654684753406847	1.8892334844547096	2.2757689896940905	1.8652196475865623	3.8019759147330268	1.8651902073461315	1.8658538934680404	1.8657411766488903	1.8651902073461315	1.8647153350661254	1.822706320051658	5.323646577193918	1.8651902073461315	1.8589594643477996	1.8651902073461315	1.8651902073461315	1.8651902073461315	1.865868294455455	1.8651902073461315	1.8651902073461315	1.8651902073461315	1.8651902073461315	1.8617409159073395	2.010962234773036	1.8761216971661636	1.8630188846116762	1.8691774440797326	1.862292223969967	1.8651902073461315	1.865984880321176	1.8651902073461315	3.044284719516228	1.8700118750392418	1.8650684471898193	1.8648333399311008	1.8492142428840013	1.8650679016309826	1.8652532302518092	1.8727452448892261	1.8769757395260331	1.864896344500707	1.8519871363622444	1.8651902073461315	1.8651902073461315	1.8660502333151472	5.002184686203331	1.8492612965075417	1.8647722514702203	2.6524719024039065	1.868286696737539	1.8654808335348674	1.8651902073461315	1.8670363522201012	1.866075573882322	1.8652904186543569	1.8651902073461315	1.8657044764325694	1.853218361239644	1.8658389556931227	1.8658771730766848	1.8649999746552788	1.8647944503565417	1.8651902073461315	1.8490610054817431	1.8485697897101527	1.9095192529094958	1.8653114314514465	1.8070327522110576	1.88699379673281	1.864924208896208	1.8658584549633783	1.8664700410037165	1.8748313089222899	1.8639956725170892	1.8651928064111445	1.8661790272682792	1.864751448114948	1.8647547238169968	1.8567166312484418	1.8642959764890557	1.864914947948342	2.8280044072030286	1.8651902073461315	1.8651902073461315	3.1596732987627068	1.8650815606128885	5.618491684729238	1.8651902073461315	1.8651902073461315	1.866325334851126	1.8659646265768148	1.8651902073461315	1.830562363094495	1.8718809397158098	1.865217068977877	1.864853234056934	2.8399179024362886	1.868504893711969	1.8645286068359597	1.8537007762899702	1.8545941516662818	1.8651902073461315	1.8651902073461315	1.8651902073461315	1.867072502171481	1.856756136571266	1.8133311119622961	1.8651902073461315	1.873970375037078	1.8647464416735178	1.8651902073461315	1.8651902073461315	1.8651902073461315	1.8651902073461315	1.8653300561407467	1.8651902073461315	1.8654374086951724	1.8651902073461315	1.864779226759648	1.8648688925961472	1.8647793408470872	1.846600046361163	1.8651902073461315	1.8651902073461315	1.8651902073461315	1.8651902073461315	1.8651902073461315	1.8651902073461315	1.8651541141200205	1.8651902073461315	1.865634884714567	1.8651902073461315	1.8651902073461315	1.8653341110108712	1.8651902073461315	1.866156214208854	1.8655320231467352	1.866171167749764	1.8651902073461315	1.8346800771409404	1.8651902073461315	1.8651902073461315	1.8648883349237668	1.8651938750628507	2.3217315730593078	1.855917572434841	1.8651902073461315	1.8668195629866995	1.8592267478679778	1.8651902073461315	1.8652126653287082	1.8653518510841962	1.8530772430298108	1.8651902073461315	1.8649547757722302	1.8651902073461315	1.8651902073461315	1.8651902073461315	1.865286996656426	1.8651902073461315	1.8651902073461315
1.877613611494458	1.8654684753406847	1.8540276696985467	1.8539102210726897	1.8640515707922178	1.854637712907445	1.8138813595915892	1.8538965445086848	1.8544248337585334	1.853988265862836	1.8538965445086848	1.8537786516857997	1.8563943260480393	1.8403533236827856	1.8538965445086848	1.8445108686287468	1.8538965445086848	1.8538965445086848	1.8538965445086848	1.8543905124564317	1.8538965445086848	1.8538965445086848	1.8538965445086848	1.8538965445086848	1.850945869039523	1.994506906931507	1.854440901376338	1.8635893905828598	1.8564908515031402	2.1488127596909785	1.8538965445086848	1.854753581453651	1.8538965445086848	1.8922021924943742	1.8544751104588841	1.8542581316995255	1.8539556778696085	1.8539523416052812	1.8422688211430538	3.7873992692448994	1.8570778499889233	1.859747007270006	1.8540644285703325	1.8538433542700652	1.8538965445086848	1.8538965445086848	1.855185824984403	1.8498649188190652	1.8547895636751726	1.853765736593881	1.8582406908609783	1.8367958206562107	1.830046732705902	1.8538965445086848	1.856313431872494	1.8473957698533332	1.8609139696071477	1.8538965445086848	1.8262293265179055	1.8625894516440151	1.8594149192227676	1.8545269956464425	1.7917314868323162	1.8228243422454984	1.8538965445086848	1.8418502816717714	1.8545410350244826	1.8482548579233433	1.9369298581077536	1.816364876296824	1.8750618152507874	1.8542470984904664	1.854615751638261	1.8549713241907388	1.8637129499313532	1.8535747405929903	1.92040400788494	1.8556468759159122	1.8545644830899082	1.8017641431461717	1.8543107641786627	1.8534644557809332	1.8541697211884942	1.854237366751931	1.8538965445086848	1.8538965445086848	1.8540023028686132	2.992994121183639	1.8420293850015124	1.8538965445086848	1.8538965445086848	1.853815692954578	1.8540695588970384	1.8538965445086848	3.865300635391818	1.8778431282645478	1.8404309566705424	1.8539189998843542	1.8514315062550812	1.8548226455146808	1.8336182471069231	1.8536844729484667	1.8543326094753818	1.8538965445086848	1.8538965445086848	1.8538965445086848	1.9980521703477123	1.8538683386397223	1.8235457173608027	1.8538965445086848	1.8537441119915783	1.8529022699476685	1.8538965445086848	1.8538965445086848	1.8538965445086848	1.8538965445086848	1.838568731097778	1.8538965445086848	1.8538330112188453	1.8538965445086848	1.853806519682976	1.8545738275607062	1.8533999762135414	1.843399629735477	1.8538965445086848	1.8538965445086848	1.8538965445086848	1.8538965445086848	1.8538965445086848	1.8538965445086848	1.8537617384122764	1.8538965445086848	1.854716309195998	1.8538965445086848	1.8538965445086848	1.8415483357466824	1.8538965445086848	1.8553316028530469	1.916324230377388	1.8555168344643211	1.8538965445086848	1.841814425979754	1.8538965445086848	1.8538965445086848	1.8562139691226445	1.846670534260651	1.8400990650378894	1.8538294128448225	1.8538965445086848	1.8540056745572773	1.8540238084019227	1.8538965445086848	1.8540294573655578	1.854835077731484	1.853300197468455	1.8538965445086848	1.853755149181251	1.8538965445086848	1.8538965445086848	1.8538965445086848	1.8371074446563052	1.8538965445086848	1.8538965445086848
1.887885666868083	1.8892334844547096	1.8539102210726897	1.8369678647677679	1.8518259130273518	2.264902026927363	1.8541448526438438	3.478829693081006	1.8537686169552803	1.8538325650834435	3.478829693081006	1.8261639317431977	2.3697402732697777	1.8506586946793242	3.478829693081006	1.8523572010596097	3.478829693081006	3.478829693081006	3.478829693081006	1.872168917535876	3.478829693081006	3.478829693081006	3.478829693081006	3.478829693081006	1.8508208634857866	1.9943859921075238	1.853656969701697	1.851977492947333	1.8556326849752787	1.8508263610976816	3.478829693081006	1.854022713704465	3.478829693081006	1.8536535878669234	1.8541255639184309	1.853865421859193	1.8536648442213302	1.8540412254921335	1.8538894695283077	1.8543277982595294	1.8569215803034398	1.8464996526313948	1.8538433748305252	1.8539563889825257	3.478829693081006	3.478829693081006	1.8552445739329895	1.8458059845538017	1.8541537410299889	1.8459815074432862	1.8544575305290216	1.7939149367884484	1.8577103072843617	3.478829693081006	1.85393906506163	1.8482419604195766	1.8538744609773714	3.478829693081006	1.8541193282251591	1.848864502830922	1.8546223854895212	1.8534828098103133	1.8560877541126657	2.901676926102361	3.478829693081006	1.8534180548456827	1.8862446668890147	1.860007612628701	1.848378136941752	1.8344962615828129	1.874260305790414	1.8540797345714997	1.8544172647828105	1.854661025732403	1.863153286530672	1.8464820511056592	1.8541566286128524	2.4544315979538136	1.8624605377741335	1.8436559330415936	1.8231162879540248	1.958199425520394	1.8480679974657934	1.8539272918392784	3.478829693081006	3.478829693081006	1.8536411696426887	1.8540140696003717	1.8542045599201014	3.478829693081006	3.478829693081006	1.8552966066649919	1.8467502330353296	3.478829693081006	1.854623983382908	1.8564782332567242	1.8537706646722163	1.854541544239605	1.85237969967943	1.8495388525064378	1.8534952047743547	1.8392965621089028	1.880877397706255	3.478829693081006	3.478829693081006	3.478829693081006	1.8549276245698512	1.8538147977014314	1.8267792766959774	3.478829693081006	4.070144430032892	1.8536559679385922	3.478829693081006	3.478829693081006	3.478829693081006	3.478829693081006	1.853533043539893	3.478829693081006	1.8538588853232034	3.478829693081006	1.854111428831992	1.8541842605925691	1.8533773785253302	1.8529866939627726	3.478829693081006	3.478829693081006	3.478829693081006	3.478829693081006	3.478829693081006	3.478829693081006	1.8451271564247795	3.478829693081006	1.854208867471993	3.478829693081006	3.478829693081006	1.8541534654363765	3.478829693081006	1.8546660488762676	1.8541326102877267	1.8557513881420449	3.478829693081006	1.8541887482647745	3.478829693081006	3.478829693081006	1.8533637761452546	1.8385748380569402	1.854630704624907	1.8540515374712851	3.478829693081006	1.854580780907565	1.854023428268632	3.478829693081006	1.8539979505002508	1.8539851300509145	1.854053381168822	3.478829693081006	1.8559481587252997	3.478829693081006	3.478829693081006	3.478829693081006	1.8541635413913256	3.478829693081006	3.478829693081006
1.8908061454230145	2.2757689896940905	1.8640515707922178	1.8518259130273518	1.8674454452517495	1.8640509698399172	1.8639113814348274	2.4252696646367564	1.8636188102692313	1.863522595144772	2.4252696646367564	1.8635495052722773	1.8639817792807045	1.8536616683756422	2.4252696646367564	1.8638511278252259	2.4252696646367564	2.4252696646367564	2.4252696646367564	1.8371354298320537	2.4252696646367564	2.4252696646367564	2.4252696646367564	2.4252696646367564	1.8607640641043157	2.008710972175883	1.878067193332263	1.8772192572157722	1.8658029185791472	1.860737016735883	2.4252696646367564	1.8638730723689674	2.4252696646367564	1.8636393210259268	1.8639397807555216	1.8640788039695029	1.864352579676048	1.86412354918513	1.8654302040237343	2.0811272490433854	1.8667861246011201	1.8694334111974076	1.8638537905957073	3.005509477199124	2.4252696646367564	2.4252696646367564	1.8645652392322682	1.863381759259152	1.856930360189019	1.863355281775008	1.8745953672487732	1.8637878636375025	1.8637742122671639	2.4252696646367564	1.8539626460482153	1.8640626513149123	1.8697573130977116	2.4252696646367564	2.5728151464398423	1.8638980773850884	1.8636594609563453	3.554017504204174	1.8635226294802967	1.8641117953052087	2.4252696646367564	1.8502389007332984	1.8639232488668522	1.8719204769874038	1.8639023141994702	1.8617546801493186	1.8849392963107618	2.307667200435663	1.8670579779929062	1.8649920898655201	1.890488798554989	1.8631308650444134	1.864412669083379	1.8535652075683837	1.8655117772481755	1.8635770770120492	1.8659685877760939	1.8574949548535904	1.8510353777543773	1.8637511310833144	2.4252696646367564	2.4252696646367564	1.8637705825198607	1.8633697125243798	1.8513503334483619	2.4252696646367564	2.4252696646367564	1.8639552516845215	1.8636305660358135	2.4252696646367564	1.8943002830608706	1.8642244946649977	1.8638828585493237	1.8642015030533472	1.8611871208948378	1.864404633515501	1.863700665674987	1.8339413463171188	1.8637846365350599	2.4252696646367564	2.4252696646367564	2.4252696646367564	1.8651418398972381	1.858811017149997	1.8540535156054871	2.4252696646367564	1.8635555209060912	1.864813940075815	2.4252696646367564	2.4252696646367564	2.4252696646367564	2.4252696646367564	1.8640768017767921	2.4252696646367564	1.8635936528271797	2.4252696646367564	2.000501012609957	2.0089926642111826	4.231797984701102	1.842307086346596	2.4252696646367564	2.4252696646367564	2.4252696646367564	2.4252696646367564	2.4252696646367564	2.4252696646367564	2.225250252542125	2.4252696646367564	1.8538992734932482	2.4252696646367564	2.4252696646367564	1.856444859246684	2.4252696646367564	1.8645894725752141	1.863979091737107	1.864848799487455	2.4252696646367564	1.8673551431306914	2.4252696646367564	2.4252696646367564	5.292183428020949	1.8639348009768	1.8634064011705496	1.8637693504774255	2.4252696646367564	1.8563241386672766	1.863845738304549	2.4252696646367564	2.208321716649521	1.8640721318802838	1.8631435287535216	2.4252696646367564	1.8634491435754068	2.4252696646367564	2.4252696646367564	2.4252696646367564	4.328832711676111	2.4252696646367564	2.4252696646367564
2.042795674959866	1.8652196475865623	1.854637712907445	2.264902026927363	1.8640509698399172	1.8531191030994671	1.8325087389886223	2.020400151906821	1.853998995254319	1.8538308577581335	2.020400151906821	1.853621456036884	1.8537804667386784	1.850845698680794	2.020400151906821	1.8542908449887208	2.020400151906821	2.020400151906821	2.020400151906821	2.0515210233044288	2.020400151906821	2.020400151906821	2.020400151906821	2.020400151906821	1.8511001564397525	1.9936791512275038	1.9926356314750242	1.8518426885315944	1.856035584778013	1.8508381440115032	2.020400151906821	1.8537897951173852	2.020400151906821	4.167668376108617	1.8538784392749543	1.853994812453201	1.853994994502674	1.8536794395818819	1.8542504286920944	1.853914504080501	1.8671713466861164	1.859543886774428	1.8539368399245437	1.840529197063083	2.020400151906821	2.020400151906821	1.8545080705763428	1.8527810321928917	1.8461151905101538	1.8539651381497346	1.853930881739108	1.8538424474885327	1.8287851643432864	2.020400151906821	1.8537165267739175	1.9512616211985423	2.3075058718327313	2.020400151906821	1.8538811276291323	1.8538140789277566	1.8542417307434333	1.853423963168116	1.8540371928989994	1.8469946204809375	2.020400151906821	1.8538280129424705	1.8542689482301913	1.8596102960338372	1.8244715867025838	1.8523322220910352	1.8749310477781858	1.8539370873111993	1.8538889860716539	1.8545988183771371	1.8504102516740368	1.8529407308529218	1.8468583133262362	1.8545617155617056	1.8534951611430492	1.8537015241805408	1.8537003196836084	4.607569925512544	1.853971500725875	1.8533451055859584	2.020400151906821	2.020400151906821	1.8389733366518286	1.8542790669538072	1.8543160649402146	2.020400151906821	2.020400151906821	1.9451445947860846	1.8570522390605766	2.020400151906821	1.853688099639518	1.8536977285027756	1.8541117242649914	1.8539726812142534	2.522668072825636	1.8545697620253583	1.8587568086956263	1.853175701222861	1.8543708816731503	2.020400151906821	2.020400151906821	2.020400151906821	1.8551097698551193	1.8536583053487707	1.8536619482523606	2.020400151906821	1.8539883884790451	1.803498310098513	2.020400151906821	2.020400151906821	2.020400151906821	2.020400151906821	1.8481555739688287	2.020400151906821	1.8573861739288786	2.020400151906821	1.8534589697222184	4.73907843091465	1.8959410332496698	1.8528642228015757	2.020400151906821	2.020400151906821	2.020400151906821	2.020400151906821	2.020400151906821	2.020400151906821	1.853553010746335	2.020400151906821	1.8147345393548957	2.020400151906821	2.020400151906821	1.8538308185490995	2.020400151906821	1.8544076480494294	1.8537904240750451	1.8549321183650667	2.020400151906821	1.8536481972036913	2.020400151906821	2.020400151906821	1.8252380480375834	1.8474447301666026	1.8535451855995346	2.3181577970234266	2.020400151906821	1.8194730670399013	1.8536366999473484	2.020400151906821	1.8535810459332098	4.129000054422108	1.8538399326096848	2.020400151906821	1.848573557071608	2.020400151906821	2.020400151906821	2.020400151906821	1.8535677332813023	2.020400151906821	2.020400151906821
1.8877168043434531	3.8019759147330268	1.8138813595915892	1.8541448526438438	1.8639113814348274	1.8325087389886223	1.8628827993278196	1.8535922441547814	1.853985047947782	1.8534724274611043	1.8535922441547814	3.8841588771324442	1.85396642217103	1.8505243779127951	1.8535922441547814	1.8540554237708293	1.8535922441547814	1.8535922441547814	1.8535922441547814	1.8493120624135697	1.8535922441547814	1.8535922441547814	1.8535922441547814	1.8535922441547814	1.8512519730447201	1.9938216347163131	1.8613226317590374	1.8542007434723111	1.8556470335449315	1.8506073166143757	1.8535922441547814	1.853911575458618	1.8535922441547814	1.8614039586379696	1.853792753547933	2.42999616471418	1.841794276815176	1.8327038605590866	1.853681287191711	1.8533997858981943	1.8571929597509649	1.8594911717766938	1.8536072498836713	1.8548779048123156	1.8535922441547814	1.8535922441547814	1.8690642845646912	1.8417581647122283	1.8422309773972905	1.8430563690533777	2.0834797571084436	1.8463530568008728	2.2182108089611026	1.8535922441547814	1.853579240959392	1.85468776922941	4.654151541011972	1.8535922441547814	1.8538986198019942	1.853568994765071	1.854697107612397	1.854127868089801	1.8966733725506661	1.8482337899396042	1.8535922441547814	1.8530929573756743	1.868028541109493	1.8459631010907	1.853297562852672	1.811904592739481	1.8833343239951117	1.853551699388299	3.7038256581731135	1.8548728666698935	1.8634088037623129	1.8066336629110342	1.8535124514864056	1.8316243926495088	1.8542531596533098	1.8290416682326707	1.8536829072792822	1.8528376477518689	1.8316981873313625	1.8536866773449576	1.8535922441547814	1.8535922441547814	1.7922134615009258	1.8534723720405608	1.8375250178820406	1.8535922441547814	1.8535922441547814	1.854073008827839	1.8389388029476477	1.8535922441547814	1.8536339674382065	1.854279891463881	1.8538990602941028	1.8387356460560802	1.8528640852087583	1.8543500496518883	1.8531943966118984	3.1361247494166298	2.3554851134697	1.8535922441547814	1.8535922441547814	1.8535922441547814	1.8470740164004864	1.8539790425453821	1.8537814016175824	1.8535922441547814	1.853821096488843	1.833519836589707	1.8535922441547814	1.8535922441547814	1.8535922441547814	1.8535922441547814	4.475167854352903	1.8535922441547814	1.8304342315014448	1.8535922441547814	1.8540462116935377	1.8258929536213657	2.3050286061844703	1.8545582197917327	1.8535922441547814	1.8535922441547814	1.8535922441547814	1.8535922441547814	1.8535922441547814	1.8535922441547814	1.8540792818194602	1.8535922441547814	1.8548110805855373	1.8535922441547814	1.8535922441547814	3.080280684959795	1.8535922441547814	1.8547556145931798	1.8544049027045184	1.8548072590559415	1.8535922441547814	2.7573901185545133	1.8535922441547814	1.8535922441547814	1.8538050138734623	1.8536882764053493	1.8537543176908653	1.8537037105986407	1.8535922441547814	1.853561754815665	1.8568077286466365	1.8535922441547814	1.853916813690853	1.8536267086117124	2.9493322741386305	1.8535922441547814	1.8423541994919455	1.8535922441547814	1.8535922441547814	1.8535922441547814	1.8539485900173838	1.8535922441547814	1.8535922441547814
1.887990960924165	1.8651902073461315	1.8538965445086848	3.478829693081006	2.4252696646367564	2.020400151906821	1.8535922441547814	0	1.85395647786139	1.849322003878088	0	1.8537893104228713	1.8537591236516133	1.84166536842334	0	1.8538431346359907	0	0	0	1.8544962822556879	0	0	0	0	1.8431188801590757	1.9945793573028854	1.864277647748564	1.8336470999834933	1.855716655192414	1.835202197004127	0	1.848319655397195	0	1.853794959116831	1.8540384322650059	1.8538874778277787	1.8534855067003673	1.853708578794749	1.8540847246088243	1.8539173129054238	1.8516911164728744	1.8522228212526133	1.853879156719044	1.8159165813370606	0	0	1.8544140039825565	1.8366520797099615	1.8563585577718658	1.8537445460872357	1.8540080344114866	3.6378010249692574	2.2122606083122704	0	1.806502489612549	1.8445651668690957	1.8536472838542937	0	1.8537558799090106	3.6654854498737723	1.8542921420609983	1.8542193970490006	1.8538878800062781	1.8537863617227515	0	1.8532069537716742	1.8376077775152533	3.798858883988158	1.853710944532432	1.8522650627602046	1.8742492271103166	1.8542118665405463	1.7973559063950693	1.8545866841191398	1.8631656994453403	1.8542461361211402	1.8536423397646022	1.8545789727316113	1.855064645023441	1.854068144513407	1.8558982843086547	1.8538633530993642	1.8539586691441379	1.8538850758679568	0	0	1.8444431947808044	1.8535693670508278	1.8257520332809012	0	0	1.8538225118257974	1.8544017562103197	0	1.8537895480023412	1.8537459832542595	1.853494892570809	1.8477195717556014	1.8439237887302147	1.8546272165892344	1.853994534567416	1.853480063554425	1.8545837448157623	0	0	0	1.8548722886821811	1.8584960816599847	1.855351987838732	0	1.8535185199255164	1.9302807931405916	0	0	0	0	1.8537127211216111	0	1.853563159042756	0	1.8539374798167811	1.8539781781825013	1.8535753036904408	1.8483309067454181	0	0	0	0	0	0	1.8535278200814578	0	2.689556181313619	0	0	1.8535710432853336	0	1.8549074108088828	1.8539418372937475	1.8548992477937094	0	1.8544495235082596	0	0	1.8481691368281186	1.8541554369170985	1.8643282565121706	1.8461196425602073	0	2.651832089660757	1.8551616184179065	0	1.8538648461111238	1.8544769585143506	1.8534845436067353	0	1.8540684597554389	0	0	0	1.853801033365249	0	0
2.0076690573987768	1.8658538934680404	1.8544248337585334	1.8537686169552803	1.8636188102692313	1.853998995254319	1.853985047947782	1.85395647786139	1.8459091083886623	1.8552508891178376	1.85395647786139	1.8537660132442408	1.930656719395557	1.8512343678354362	1.85395647786139	1.853884633677683	1.85395647786139	1.85395647786139	1.85395647786139	1.8539002829254005	1.85395647786139	1.85395647786139	1.85395647786139	1.85395647786139	1.8412597992099384	1.9942533344219038	1.8389713792757456	1.8519434031686708	2.4287406254953607	1.8510935324794975	1.85395647786139	1.8536954717637621	1.85395647786139	1.8537698156990565	1.8541257032304013	1.8644963507059023	1.8250139043936935	1.8472692316735484	1.8472798913596284	1.8536166726065169	2.732758161835202	2.7265171416294884	1.8538839249058559	1.8688388771435305	1.85395647786139	1.85395647786139	1.8551386991890617	1.8531323819095917	1.855841318233431	1.853554952382251	1.8572076469919492	1.9374632820375015	1.8535688676448931	1.85395647786139	2.1972722426051106	1.8512986326579506	1.8538780868901403	1.85395647786139	1.8552756898626626	1.8599617904132182	1.8541642478146425	1.852298016270792	1.835686466169258	1.853983394487738	1.85395647786139	1.8534343818053147	1.9909687703839345	1.8597007079409433	1.8543525345621867	3.3802782033546843	1.8885696658175055	1.8538106246749901	1.8541013749688642	2.120065931784797	1.863209186952112	1.8312938820149545	1.8535104186608278	1.860658236231515	1.853946539886536	3.8629183658060806	1.8536691352106902	4.4415476093728365	1.853703725054942	1.8549886626198016	1.85395647786139	1.85395647786139	1.854054203645912	1.854159547404362	1.8546705869446833	1.85395647786139	1.85395647786139	1.85378993253243	1.8539746472443157	1.85395647786139	1.804402586375778	1.8538269260976536	1.8537280865482468	1.8537583979110142	1.852454853400013	3.2883860907944604	1.8376219360358854	1.9038403287843284	1.8539257232737119	1.85395647786139	1.85395647786139	1.85395647786139	1.855007167750804	1.8538796862772038	1.8537460613768724	1.85395647786139	1.8534223143150694	1.8556578822632952	1.85395647786139	1.85395647786139	1.85395647786139	1.85395647786139	1.8592651632776684	1.85395647786139	1.8539656727648617	1.85395647786139	1.8538719787162985	1.8536212621921064	1.8534971562790028	1.8556349774394705	1.85395647786139	1.85395647786139	1.85395647786139	1.85395647786139	1.85395647786139	1.85395647786139	1.8540461024010368	1.85395647786139	1.8595888977494794	1.85395647786139	1.85395647786139	1.8600004197577547	1.85395647786139	1.8546289864262013	9.046565137455323	1.854622809316188	1.85395647786139	1.8536512673530408	1.85395647786139	1.85395647786139	1.8537734513067166	1.8536884448376498	1.9373830699078343	1.8535591495471897	1.85395647786139	1.8539334847203346	1.8985929241509614	1.85395647786139	1.8479402367861175	1.8535110008960056	1.8543350659711775	1.85395647786139	1.853591624925648	1.85395647786139	1.85395647786139	1.85395647786139	1.8560951071287817	1.85395647786139	1.85395647786139
1.8879382101298592	1.8657411766488903	1.853988265862836	1.8538325650834435	1.863522595144772	1.8538308577581335	1.8534724274611043	1.849322003878088	1.8552508891178376	1.8553936004190745	1.849322003878088	1.853540591270768	1.8444449870663928	1.8508736026056145	1.849322003878088	1.854079233360445	1.849322003878088	1.849322003878088	1.849322003878088	1.8540196548149575	1.849322003878088	1.849322003878088	1.849322003878088	1.849322003878088	1.8510264709915627	2.2547548712831897	1.880306541355902	1.8526019216525875	1.8556779191361479	1.845220866788295	1.849322003878088	1.85505682518762	1.849322003878088	1.859817378483597	1.8537674937274424	1.8537608629355735	1.8533693243144165	1.83983030356352	1.854079616491551	3.1752074920510096	1.858018342679761	1.8215417323087233	1.8535777338696908	1.8548145440708284	1.849322003878088	1.849322003878088	1.858344795150477	1.8529328057321592	1.8918628818019703	1.8533971542452945	1.8541423531499606	1.8537473476545718	1.846581134246315	1.849322003878088	1.853861663166681	1.854017316555589	1.8537025218119414	1.849322003878088	1.8451022187430641	1.8608321460375012	1.854162621834014	1.8437555023211014	1.9930108349420192	4.328199936202217	1.849322003878088	1.853661252595415	1.8544220675480516	1.8595729367331468	1.8535061141536615	1.8521935535623308	4.302647149134775	1.853642308355174	1.8545624755309302	1.849748367565128	1.8641803669591581	3.094427594872372	1.8535469646108103	1.8550949043303153	1.8535116162155254	1.8434778510761252	1.8545716329237436	1.8535294763074948	1.8535838408031595	1.8533346231978598	1.849322003878088	1.849322003878088	1.8539595655600303	1.8540494352919736	1.8400755133220565	1.849322003878088	1.849322003878088	1.8540669928515048	1.8535157759102385	1.849322003878088	1.8541089519930065	1.8534643801333903	1.8538095257737857	2.3036594598804476	1.852465593120327	1.8545849357420183	1.856208152748867	1.8535144816784548	1.8536490637491143	1.849322003878088	1.849322003878088	1.849322003878088	1.8555113998104198	1.85414227044604	4.764460357955672	1.849322003878088	1.853578205999719	1.8233063634995692	1.849322003878088	1.849322003878088	1.849322003878088	1.849322003878088	1.8463714942767966	1.849322003878088	1.8538216034995436	1.849322003878088	1.8542280081799574	1.8536248013134309	1.8569618242067263	1.8526560466578594	1.849322003878088	1.849322003878088	1.849322003878088	1.849322003878088	1.849322003878088	1.849322003878088	1.821298386409828	1.849322003878088	1.8542331175865858	1.849322003878088	1.849322003878088	1.8536698311201196	1.849322003878088	2.688093669053991	1.8540554749045781	1.8483740865445248	1.849322003878088	1.841960496456194	1.849322003878088	1.849322003878088	1.8537909902903347	1.853432580863107	1.858050875146455	1.8538752175037145	1.849322003878088	1.8424238679238205	1.8387330691379988	1.849322003878088	1.853932017692067	1.8544485677990843	1.8534701262800735	1.849322003878088	1.8537393978518144	1.849322003878088	1.849322003878088	1.849322003878088	1.8537015980245672	1.849322003878088	1.849322003878088
1.887990960924165	1.8651902073461315	1.8538965445086848	3.478829693081006	2.4252696646367564	2.020400151906821	1.8535922441547814	0	1.85395647786139	1.849322003878088	0	1.8537893104228713	1.8537591236516133	1.84166536842334	0	1.8538431346359907	0	0	0	1.8544962822556879	0	0	0	0	1.8431188801590757	1.9945793573028854	1.864277647748564	1.8336470999834933	1.855716655192414	1.835202197004127	0	1.848319655397195	0	1.853794959116831	1.8540384322650059	1.8538874778277787	1.8534855067003673	1.853708578794749	1.8540847246088243	1.8539173129054238	1.8516911164728744	1.8522228212526133	1.853879156719044	1.8159165813370606	0	0	1.8544140039825565	1.8366520797099615	1.8563585577718658	1.8537445460872357	1.8540080344114866	3.6378010249692574	2.2122606083122704	0	1.806502489612549	1.8445651668690957	1.8536472838542937	0	1.8537558799090106	3.6654854498737723	1.8542921420609983	1.8542193970490006	1.8538878800062781	1.8537863617227515	0	1.8532069537716742	1.8376077775152533	3.798858883988158	1.853710944532432	1.8522650627602046	1.8742492271103166	1.8542118665405463	1.7973559063950693	1.8545866841191398	1.8631656994453403	1.8542461361211402	1.8536423397646022	1.8545789727316113	1.855064645023441	1.854068144513407	1.8558982843086547	1.8538633530993642	1.8539586691441379	1.8538850758679568	0	0	1.8444431947808044	1.8535693670508278	1.8257520332809012	0	0	1.8538225118257974	1.8544017562103197	0	1.8537895480023412	1.8537459832542595	1.853494892570809	1.8477195717556014	1.8439237887302147	1.8546272165892344	1.853994534567416	1.853480063554425	1.8545837448157623	0	0	0	1.8548722886821811	1.8584960816599847	1.855351987838732	0	1.8535185199255164	1.9302807931405916	0	0	0	0	1.8537127211216111	0	1.853563159042756	0	1.8539374798167811	1.8539781781825013	1.8535753036904408	1.8483309067454181	0	0	0	0	0	0	1.8535278200814578	0	2.689556181313619	0	0	1.8535710432853336	0	1.8549074108088828	1.8539418372937475	1.8548992477937094	0	1.8544495235082596	0	0	1.8481691368281186	1.8541554369170985	1.8643282565121706	1.8461196425602073	0	2.651832089660757	1.8551616184179065	0	1.8538648461111238	1.8544769585143506	1.8534845436067353	0	1.8540684597554389	0	0	0	1.853801033365249	0	0
3.1267660110365894	1.8647153350661254	1.8537786516857997	1.8261639317431977	1.8635495052722773	1.853621456036884	3.8841588771324442	1.8537893104228713	1.8537660132442408	1.853540591270768	1.8537893104228713	1.8533550316565572	1.853719928327309	1.836392183669724	1.8537893104228713	1.8471893926323648	1.8537893104228713	1.8537893104228713	1.8537893104228713	2.153534761012513	1.8537893104228713	1.8537893104228713	1.8537893104228713	1.8537893104228713	3.748563289852002	1.9934452676708538	1.8638183054315418	1.8199737396350846	1.8555342370215862	1.8507695189055846	1.8537893104228713	1.8537399143761493	1.8537893104228713	1.853358794993025	1.837990930531488	1.8533932493811065	1.8538314937151652	1.8537032486097593	1.8411512632300635	1.846356683419982	1.8567789223664373	1.8591074316688465	1.8624132823567812	1.8536514449766912	1.8537893104228713	1.8537893104228713	1.852882194613266	1.8568730272060057	1.8297537483088282	1.8533296033783653	1.8540707556516431	1.8421852482656174	1.8536455909101004	1.8537893104228713	1.8466664623980196	1.8540291721436029	1.8535400571552818	1.8537893104228713	1.853634142426106	1.8540057887479164	1.854591106159155	1.8532728019170033	1.8454935025298211	1.853746345830341	1.8537893104228713	1.829466429276416	1.9219593548751994	1.866099156456036	1.8461956586893589	1.8520660775851925	1.8769531770605605	1.853510366199407	1.853917337189336	1.8567224893617713	1.8457520398871388	1.8523730187693417	1.8533488897159645	1.8542038737126125	2.679153270817477	1.8533924842404421	1.853508271337843	1.854384550045413	1.8438792338513454	1.853427202148412	1.8537893104228713	1.8537893104228713	1.8540688447332723	1.853648279441157	1.8379190648239365	1.8537893104228713	1.8537893104228713	1.8535339549819911	1.8535094731341353	1.8537893104228713	1.8540325492084846	2.7161292248188347	3.008777165323059	1.8533904573476472	1.851207145617365	1.8546086138436633	1.8648328233839242	1.8528479220079428	1.808438237042021	1.8537893104228713	1.8537893104228713	1.8537893104228713	1.8548026291405924	1.8533409386565576	1.8533855911079933	1.8537893104228713	1.8296028067942471	1.8535770548951094	1.8537893104228713	1.8537893104228713	1.8537893104228713	1.8537893104228713	1.8562560593445154	1.8537893104228713	1.84122148118553	1.8537893104228713	1.8535139584614082	1.8533422141578852	1.9718276424782961	1.9031349413915981	1.8537893104228713	1.8537893104228713	1.8537893104228713	1.8537893104228713	1.8537893104228713	1.8537893104228713	1.8561809473180222	1.8537893104228713	1.8541278441960907	1.8537893104228713	1.8537893104228713	1.856622401157483	1.8537893104228713	1.8839850932040096	2.245461945849927	1.8559698367525979	1.8537893104228713	1.82070235234603	1.8537893104228713	1.8537893104228713	1.887786786546815	1.8532855462147628	1.8418780184910954	1.8535429686187992	1.8537893104228713	1.8540235343141216	1.8537394378496308	1.8537893104228713	1.8376880557533015	1.8114517888671433	1.8537794435205064	1.8537893104228713	1.8294853216923317	1.8537893104228713	1.8537893104228713	1.8537893104228713	1.856320927372875	1.8537893104228713	1.8537893104228713
1.888510508925122	1.822706320051658	1.8563943260480393	2.3697402732697777	1.8639817792807045	1.8537804667386784	1.85396642217103	1.8537591236516133	1.930656719395557	1.8444449870663928	1.8537591236516133	1.853719928327309	1.8169978097303467	1.8544486184619928	1.8537591236516133	1.8545573438159506	1.8537591236516133	1.8537591236516133	1.8537591236516133	1.8489278699025975	1.8537591236516133	1.8537591236516133	1.8537591236516133	1.8537591236516133	1.8505979393605059	1.9939151441827645	1.8642753987415766	1.852059402370068	1.855782237558632	1.8420740138808733	1.8537591236516133	1.8540044490046423	1.8537591236516133	1.8552312069508687	1.8554995306177255	1.8538176360829748	1.8534445307339509	1.853839269986148	1.8325153573092563	1.854081210040878	1.8574511496893034	4.40452899633081	1.8410467741929104	1.853661212110901	1.8537591236516133	1.8537591236516133	1.8439586761210778	3.8322029740196815	1.8544752588279036	1.8536639539221786	1.8544180445073777	1.7992244885546902	1.8456206625232408	1.8537591236516133	1.8220810042546554	1.8477255300875592	1.828613307318368	1.8537591236516133	3.8197319126651292	1.8547338157208697	1.8539475593162875	1.8536820713563984	1.8485622713252894	1.854392682384691	1.8537591236516133	4.18826434923361	1.854314993353532	1.841272032232452	1.8534245413656327	1.8292238486423922	1.8468382164130621	1.8539150161128237	1.8488003750075874	1.8539288430590533	1.983937876247084	1.852795735688108	1.8644199185112873	1.8546537132732963	1.8546941007759208	1.8535740412073702	1.8538400815142375	1.8530545853646858	1.8488178219520746	1.8379374608007615	1.8537591236516133	1.8537591236516133	1.853576002198766	2.12600386014696	1.8548372087373783	1.8537591236516133	1.8537591236516133	1.854705683768355	1.8204079920497171	1.8537591236516133	2.2301292606284564	1.854334627426061	1.8537076051014412	1.8451091176334473	1.8548651678136998	1.832558629861457	1.8538880376679958	1.8622112126873516	1.854374639706267	1.8537591236516133	1.8537591236516133	1.8537591236516133	1.85514063179003	3.0271789386355854	1.8195153552619074	1.8537591236516133	1.8399625788886438	1.856750123941634	1.8537591236516133	1.8537591236516133	1.8537591236516133	1.8537591236516133	1.8539884487980434	1.8537591236516133	1.853789530569681	1.8537591236516133	1.8540059485647833	1.8542696207993496	1.8531142461913521	1.8540431018392571	1.8537591236516133	1.8537591236516133	1.8537591236516133	1.8537591236516133	1.8537591236516133	1.8537591236516133	3.0032892437567367	1.8537591236516133	1.8543851253346524	1.8537591236516133	1.8537591236516133	1.8537024136157487	1.8537591236516133	1.8548380131678004	1.854139844303718	1.856168956245716	1.8537591236516133	1.8541265693836069	1.8537591236516133	1.8537591236516133	1.8534077962623887	1.8468461372246567	1.8451996638424297	1.8535232007055111	1.8537591236516133	1.8539798744636793	1.8538589765774984	1.8537591236516133	1.853521920777145	1.8288591669486165	1.8530935788305154	1.8537591236516133	1.8540345933675162	1.8537591236516133	1.8537591236516133	1.8537591236516133	1.836791205005259	1.8537591236516133	1.8537591236516133
