44576136538500776e-21	3227922538977007e-20	15706143229605126e-21	16792907669394274e-21	24825582114888482e-21	8675013846163976e-20	60699095692975444e-21	26686062757246724e-21	1897469822172026e-20	2004513850845181e-20	26686062757246724e-21	34576777343960145e-21	197162645685148e-19	.0001235028874207115	26686062757246724e-21	13363007658486727e-21	26686062757246724e-21	26686062757246724e-21	26686062757246724e-21	16570241543042463e-21	26686062757246724e-21	26686062757246724e-21	26686062757246724e-21	26686062757246724e-21	836109614424236e-19	.0001019427467381798	.0001059147300368379	65841518268419075e-22	3332169883545922e-20	6606157216841764e-20	26686062757246724e-21	21265032876355566e-21	26686062757246724e-21	15183899095566807e-21	5026583091331563e-20	1963867533316922e-20	17799458661337836e-21	5962297736699106e-20	5030551939426935e-20	2494131484953944e-20	211269904544498e-19	60491736473466895e-21	.00010518804126564532	2258989734509252e-20	26686062757246724e-21	26686062757246724e-21	8131416219455011e-20	4867455021222939e-20	14488390422839863e-21	.00012185710937786777	7186902318421693e-20	16426346199088197e-21	9824653587623124e-21	26686062757246724e-21	15627055305979988e-21	60319006048438656e-21	22408452414929917e-21	26686062757246724e-21	17104737058515977e-21	2364972618549981e-20	4911797663935264e-21	2506342617481271e-20	2512038660280049e-20	1802530688738985e-20	26686062757246724e-21	2312528002630927e-20	6178007113551495e-20	36001392288037954e-21	22334342600308437e-21	9806745881389849e-20	.0002803811781886792	2232113038012162e-20	12090202652391178e-21	25010109167051056e-21	12054189081013233e-21	20711791562337014e-22	20149465690293016e-21	4470543583986413e-21	3228995906754391e-20	4346702390890269e-20	1226335757666995e-20	27032444978362467e-21	1887682448165967e-20	21476399428978065e-21	26686062757246724e-21	26686062757246724e-21	10563400755228929e-21	28643757762479785e-21	7482618839299099e-20	26686062757246724e-21	26686062757246724e-21	19388797344634323e-21	16127482325488804e-21	26686062757246724e-21	26431809582685573e-21	19427057617504598e-21	22932518636496674e-21	27121024024165527e-21	.0001394676260127267	7603765653733598e-20	3823447834666101e-20	22144961804880402e-21	22649584918116935e-21	26686062757246724e-21	26686062757246724e-21	26686062757246724e-21	.00011138175719874237	19888646262511316e-21	10828673971308006e-21	26686062757246724e-21	26070152789424727e-21	5346318935558599e-20	26686062757246724e-21	26686062757246724e-21	26686062757246724e-21	26686062757246724e-21	27266074426778725e-21	26686062757246724e-21	2231904935635357e-20	26686062757246724e-21	22830370377089763e-21	22247702439389806e-21	3407632956212239e-20	8846955102054173e-20	26686062757246724e-21	26686062757246724e-21	26686062757246724e-21	26686062757246724e-21	26686062757246724e-21	26686062757246724e-21	25170091658348207e-21	26686062757246724e-21	21521727811461004e-21	26686062757246724e-21	26686062757246724e-21	8770411600166777e-21	26686062757246724e-21	16238127602350865e-21	24107770231911506e-21	106236725219601e-19	26686062757246724e-21	.00023411580866533583	26686062757246724e-21	26686062757246724e-21	340575555525265e-19	23167490466181866e-21	20140005605794583e-21	3082833611734041e-20	26686062757246724e-21	20782478677013993e-21	21784188668670612e-21	26686062757246724e-21	17971970951164167e-21	27572586558455574e-21	.0006135868663991115	26686062757246724e-21	24099378016779822e-21	26686062757246724e-21	26686062757246724e-21	26686062757246724e-21	21882378315399652e-21	26686062757246724e-21	26686062757246724e-21
3227922538977007e-20	2458416582192229e-20	1827241278997044e-20	8651485668075949e-21	18684276882226764e-21	8757500066898656e-21	4508137765151567e-20	11333365308794138e-21	15604880625159157e-21	19830599700263232e-21	11333365308794138e-21	16761378172492373e-21	11384878157608755e-21	8355824727945593e-20	11333365308794138e-21	8225057184559962e-21	11333365308794138e-21	11333365308794138e-21	11333365308794138e-21	.00015208456817092684	11333365308794138e-21	11333365308794138e-21	11333365308794138e-21	11333365308794138e-21	7704733796067353e-20	8380681694645199e-20	9147845611767657e-20	8463973864191836e-21	13916065312213235e-21	6635344641304845e-20	11333365308794138e-21	19613137134673673e-21	11333365308794138e-21	8394131718273407e-21	4871323674105693e-20	20968833686290443e-21	13953687962749006e-21	4519723385570336e-20	48347125946172575e-21	15570195756744942e-21	21140798789247926e-21	51689164096114124e-21	9646405302094385e-21	12409979295291912e-21	11333365308794138e-21	11333365308794138e-21	7712998515079656e-20	3761284245328514e-20	1980342843933462e-20	.00011540758124761276	7150684336974243e-20	9099191202712199e-21	22704266945819563e-21	11333365308794138e-21	2746687021449596e-21	537691263652192e-19	1272475394167429e-20	11333365308794138e-21	1464227689054692e-20	1818908227907719e-20	6686505245199341e-21	21843421299749408e-21	1472613247060737e-20	17160338631682948e-21	11333365308794138e-21	12916089028487818e-21	51496029145075245e-21	4076819427887642e-20	12123811091042488e-21	9068928377443841e-20	.0003093436837464117	4703798622337412e-21	13267530747956948e-21	65431805875693386e-22	18244233808659838e-21	4060891499628694e-21	15692868734404107e-21	51035049527822964e-22	28876163708182623e-21	3927426502460443e-20	1815663724011838e-20	17551391871486458e-21	12851018652133695e-21	13519117680156595e-21	11333365308794138e-21	11333365308794138e-21	15116400436283206e-21	21289168831616977e-21	6467541325046565e-20	11333365308794138e-21	11333365308794138e-21	11041578448116885e-21	1752937558796411e-20	11333365308794138e-21	17929596723846412e-21	20580139785998355e-21	10213396964493178e-21	14204657923822319e-21	.0001567760791401651	6747222342166444e-20	52487505928723585e-21	2518132253298142e-20	21851606924292065e-21	11333365308794138e-21	11333365308794138e-21	11333365308794138e-21	9887098854203128e-20	19751726258519193e-21	9496443203699598e-20	11333365308794138e-21	13523489998294597e-21	5261451316641538e-20	11333365308794138e-21	11333365308794138e-21	11333365308794138e-21	11333365308794138e-21	1449789546896313e-20	11333365308794138e-21	17643269541716106e-21	11333365308794138e-21	1890709115200756e-20	13416220328456993e-21	37816531042904954e-21	8645283447334941e-20	11333365308794138e-21	11333365308794138e-21	11333365308794138e-21	11333365308794138e-21	11333365308794138e-21	11333365308794138e-21	15118794139082448e-21	11333365308794138e-21	10209564558058143e-21	11333365308794138e-21	11333365308794138e-21	1857978647417883e-20	11333365308794138e-21	27598984348637933e-22	14301150315448549e-21	12598043245103664e-21	11333365308794138e-21	33074579959098975e-22	11333365308794138e-21	11333365308794138e-21	28869744530429016e-21	17697380481209558e-21	18886794719237922e-21	23038891116816e-18	11333365308794138e-21	8235650856059892e-21	1673153652981944e-20	11333365308794138e-21	20314287370929416e-21	10965358307215899e-21	.0006078565417150699	11333365308794138e-21	2026586916799693e-20	11333365308794138e-21	11333365308794138e-21	11333365308794138e-21	14115640638161175e-21	11333365308794138e-21	11333365308794138e-21
15706143229605126e-21	1827241278997044e-20	4941660832848381e-21	16089442733289897e-21	16464199631488346e-21	2133292318234438e-20	3820830877131877e-20	1026071222927693e-20	19138504026453775e-21	14574362699313528e-21	1026071222927693e-20	17029898075896438e-21	11230273552611458e-21	.00011349148661074627	1026071222927693e-20	5619931852908231e-21	1026071222927693e-20	1026071222927693e-20	1026071222927693e-20	7569978923504046e-21	1026071222927693e-20	1026071222927693e-20	1026071222927693e-20	1026071222927693e-20	6620647792272154e-20	9483316177167757e-20	8641304575200143e-20	1093939824911618e-20	8644614087124852e-21	5134772982255024e-20	1026071222927693e-20	1261518631056099e-20	1026071222927693e-20	1748502471512358e-21	2248513445428972e-20	18446473933090055e-21	10486013846028969e-21	11219070635372848e-21	43712724153813646e-21	16835190887259078e-21	26187817336658425e-21	5061561177619948e-20	11876087383905755e-21	6528727469586841e-21	1026071222927693e-20	1026071222927693e-20	667145704145922e-19	295742906210062e-19	1967142405967371e-20	.00011277663235625641	48088076085322305e-21	1640864617879974e-20	1364578257573928e-20	1026071222927693e-20	8588026025775268e-21	43354824010786815e-21	8143716643016243e-21	1026071222927693e-20	12189307365800006e-21	14447718460409361e-21	8788622728475544e-21	7679956811439956e-21	10225354107079667e-21	7792545261816856e-21	1026071222927693e-20	7968495167722688e-21	48370362121683936e-21	27625916751042403e-21	9608656422175136e-21	6497812223905262e-20	.00030618225449371414	10703137037656866e-21	17519669668411852e-21	11430829565092105e-21	922355374814074e-20	26169557475829427e-22	18430175065225454e-21	3211639916093534e-21	246719981839836e-19	35545228045549274e-21	132305660236232e-19	11607772182916627e-21	3375972281504339e-21	14484668399068473e-21	1026071222927693e-20	1026071222927693e-20	15147068020797066e-21	17692345573389406e-21	7226869910071047e-20	1026071222927693e-20	1026071222927693e-20	8938822697076122e-21	12977689440825508e-21	1026071222927693e-20	7809249645132867e-21	15069918546737133e-21	1777826324527266e-20	1071815682481158e-20	.0001567584915866852	8094320499586497e-20	3278997697679657e-20	31109786143231936e-21	11554198184144202e-21	1026071222927693e-20	1026071222927693e-20	1026071222927693e-20	93456990606938e-18	20589886205730265e-21	33484560225999214e-22	1026071222927693e-20	1781082463724818e-20	642543989847704e-19	1026071222927693e-20	1026071222927693e-20	1026071222927693e-20	1026071222927693e-20	9995342546169798e-21	1026071222927693e-20	45969653497185786e-23	1026071222927693e-20	33638624086456933e-22	8400317028097267e-21	40645196696656726e-21	.00010072072387180095	1026071222927693e-20	1026071222927693e-20	1026071222927693e-20	1026071222927693e-20	1026071222927693e-20	1026071222927693e-20	23740857555337634e-21	1026071222927693e-20	13370682828898468e-21	1026071222927693e-20	1026071222927693e-20	10583404087293474e-21	1026071222927693e-20	6527863687881735e-21	1046931825224346e-20	14416014176104483e-21	1026071222927693e-20	8486840038298687e-21	1026071222927693e-20	1026071222927693e-20	3709073311780474e-20	36618269577328958e-22	13978394826966427e-21	1457617102416136e-20	1026071222927693e-20	8368563623634443e-21	15075384357702699e-21	1026071222927693e-20	9779020518504861e-20	936771988111975e-20	.000607945494267234	1026071222927693e-20	16627540922468488e-21	1026071222927693e-20	1026071222927693e-20	1026071222927693e-20	16332198368984256e-21	1026071222927693e-20	1026071222927693e-20
16792907669394274e-21	8651485668075949e-21	16089442733289897e-21	19331352062311167e-21	16542501785876514e-21	7588887487550152e-22	4010300108561741e-20	124834988512104e-19	836586894694607e-20	1629507745709114e-20	124834988512104e-19	20431995480188568e-21	14097080625063433e-21	5174300102409004e-20	124834988512104e-19	3054085693758024e-21	124834988512104e-19	124834988512104e-19	124834988512104e-19	6633356531943253e-21	124834988512104e-19	124834988512104e-19	124834988512104e-19	124834988512104e-19	6772788735658063e-20	8855611101973806e-20	8699576576284146e-20	11729505262310754e-21	17788853874978e-18	5220889900763929e-20	124834988512104e-19	12225106019678787e-21	124834988512104e-19	14581481390532906e-21	2138543670799063e-20	1597448988913486e-20	1940191773048298e-20	922214026005295e-20	3563054595765779e-20	16431482537881206e-21	2674717690130619e-20	490342906713047e-19	16950238914214637e-21	57649601523777286e-22	124834988512104e-19	124834988512104e-19	6432910515261756e-20	3627959688254889e-20	19185313939471045e-21	.0001093612875347287	59499684710249505e-21	15907747334428044e-21	5962070823565611e-21	124834988512104e-19	5512404128426404e-21	46778844891769196e-21	7373388729589699e-21	124834988512104e-19	14582864767760478e-21	7905020382320053e-21	2429512717263553e-21	13923107382651013e-21	175859553912387e-19	8858936869852472e-21	124834988512104e-19	6820184468923252e-21	4821142922146773e-20	3555780604948542e-20	9300338094522968e-21	8434673535099895e-20	.000299253977324765	15795280729971862e-21	14980287197075153e-21	6558179176405552e-21	9750195134127078e-21	.0004433200946293597	11694215530690907e-21	10495541051924313e-21	1865378499266512e-20	3086379874344676e-20	1340285988764475e-20	16444510576729418e-21	5126241117575213e-21	16763749021120086e-21	124834988512104e-19	124834988512104e-19	14179492652576307e-22	957954176123106e-20	7523637570172308e-20	124834988512104e-19	124834988512104e-19	12414367143780394e-21	14540008116192519e-21	124834988512104e-19	14828854186233941e-21	18539335192301043e-21	10400901318488539e-21	8344103554222855e-21	.0001611674765990986	6914649320313226e-20	21368386833751154e-21	24981772803937993e-21	2400155112296587e-20	124834988512104e-19	124834988512104e-19	124834988512104e-19	9465411985245799e-20	28555024435831956e-21	11719888074861465e-21	124834988512104e-19	12678204674872048e-21	6616274864660435e-20	124834988512104e-19	124834988512104e-19	124834988512104e-19	124834988512104e-19	8088520950778802e-21	124834988512104e-19	6045755605315429e-21	124834988512104e-19	8724337660331371e-21	5247419268504184e-21	43341885830342724e-21	9595342789863662e-20	124834988512104e-19	124834988512104e-19	124834988512104e-19	124834988512104e-19	124834988512104e-19	124834988512104e-19	17106935942355256e-21	124834988512104e-19	12836072661794459e-21	124834988512104e-19	124834988512104e-19	9819334574112433e-20	124834988512104e-19	71480513781348864e-22	14597126006116104e-21	15312680699924417e-21	124834988512104e-19	15074575346169653e-21	124834988512104e-19	124834988512104e-19	3181162450128545e-20	12652822993750242e-21	1718019338556386e-20	15327393603267225e-21	124834988512104e-19	15470836885017143e-21	10947100869020571e-21	124834988512104e-19	8978212234235594e-21	22758358767589037e-21	.0006009243039289947	124834988512104e-19	16170275974637473e-21	124834988512104e-19	124834988512104e-19	124834988512104e-19	11652059430754925e-21	124834988512104e-19	124834988512104e-19
24825582114888482e-21	18684276882226764e-21	16464199631488346e-21	16542501785876514e-21	2243975678397067e-20	1604248852177439e-20	40843936294171604e-21	18777912082651427e-21	16808802298639375e-21	27058096033208506e-21	18777912082651427e-21	209810976717513e-19	14459763485157859e-21	.00010751848035376925	18777912082651427e-21	10056453725916671e-21	18777912082651427e-21	18777912082651427e-21	18777912082651427e-21	6682420873464688e-21	18777912082651427e-21	18777912082651427e-21	18777912082651427e-21	18777912082651427e-21	7230344269634578e-20	8505645656165902e-20	9305942439444937e-20	24175801330482657e-21	19716303706656407e-21	6411041314820728e-20	18777912082651427e-21	17365231986147097e-21	18777912082651427e-21	9976347300808959e-21	45761225004572826e-21	12104798950538262e-21	6911247432911596e-21	4895490236439375e-20	466956667179119e-19	11831088556902822e-21	3424580089193092e-20	5504615163646704e-20	16605376508460657e-21	16265050406873555e-21	18777912082651427e-21	18777912082651427e-21	6877779565452119e-20	3847476916042915e-20	27557881037259974e-21	.00010181873662607679	619018789979333e-19	580531814186324e-20	160445197399346e-19	18777912082651427e-21	8947131796131853e-21	5341662517960501e-20	95206492275798e-19	18777912082651427e-21	25493082829937667e-21	11567094060113132e-21	5769683370694588e-21	12097047203056759e-21	21221429414708245e-21	13672009849947142e-21	18777912082651427e-21	2786696380431139e-20	5727030402772088e-20	4277428850854829e-20	1738388225085683e-20	8611274253889865e-20	.00030405724289348955	20722671560952704e-21	2034750641678351e-20	11463085608724013e-21	558260530445637e-20	7751551969886963e-21	9092334825849216e-21	814115727533437e-20	16236581371489475e-21	31208233449175406e-21	16192858395480283e-21	18417781908527397e-21	8652014200244744e-21	12282186035311536e-21	18777912082651427e-21	18777912082651427e-21	7436467590267898e-21	15095123894841125e-21	6571653985546543e-20	18777912082651427e-21	18777912082651427e-21	11143524088381425e-21	11135312649868488e-21	18777912082651427e-21	18660443659507045e-21	10898622348929823e-21	152681892188774e-19	7104779127696756e-21	.0001620091094222926	7037500076419816e-20	3148132336396651e-20	29873593885109107e-21	245108261499123e-19	18777912082651427e-21	18777912082651427e-21	18777912082651427e-21	9601923400267481e-20	14422455270854738e-21	1167961406243071e-20	18777912082651427e-21	23451035329704643e-21	56360317780850376e-21	18777912082651427e-21	18777912082651427e-21	18777912082651427e-21	18777912082651427e-21	1183808182328388e-20	18777912082651427e-21	1409423340402859e-20	18777912082651427e-21	1528836606733589e-20	1516283249409411e-20	3718767786332127e-20	.00010227151511532324	18777912082651427e-21	18777912082651427e-21	18777912082651427e-21	18777912082651427e-21	18777912082651427e-21	18777912082651427e-21	7770125332969431e-21	18777912082651427e-21	704359428692868e-20	18777912082651427e-21	18777912082651427e-21	8037689658082801e-21	18777912082651427e-21	71014591182689675e-22	18901901661755954e-21	16365039815623827e-21	18777912082651427e-21	8628890162179061e-21	18777912082651427e-21	18777912082651427e-21	31157874687666576e-21	15124712965454092e-21	7743425995954066e-21	12236229214431973e-21	18777912082651427e-21	19606378666107064e-21	8108923835696567e-21	18777912082651427e-21	8978805968620768e-21	14270872663525481e-21	.0006027746249882554	18777912082651427e-21	14548206291736908e-21	18777912082651427e-21	18777912082651427e-21	18777912082651427e-21	20825166312086642e-21	18777912082651427e-21	18777912082651427e-21
8675013846163976e-20	8757500066898656e-21	2133292318234438e-20	7588887487550152e-22	1604248852177439e-20	9554425442897295e-21	3481739666818478e-20	11208436156443908e-21	16390685249347117e-21	9390694589686975e-21	11208436156443908e-21	1909038791374249e-20	5722963308582463e-21	.00016897476120382308	11208436156443908e-21	6929636728239031e-21	11208436156443908e-21	11208436156443908e-21	11208436156443908e-21	42099348291735945e-22	11208436156443908e-21	11208436156443908e-21	11208436156443908e-21	11208436156443908e-21	7546292108776841e-20	8825947543654606e-20	9141449494457808e-20	9618335240151172e-21	18916282820033702e-21	59438443132004794e-21	11208436156443908e-21	9899963907651152e-21	11208436156443908e-21	8911719234412877e-21	4564931348805914e-20	20337220290837955e-21	55460466850644674e-22	2834053730750133e-20	3623272801980193e-20	6829106609109968e-21	2436133030407649e-20	55254539804146176e-21	15781269994942717e-21	1204293846956133e-21	11208436156443908e-21	11208436156443908e-21	7013624954449955e-20	4298958420778538e-20	30343005285504128e-21	9688625612704527e-20	5968721410565421e-20	16261365992656902e-21	36376935456365877e-22	11208436156443908e-21	8998726660075949e-21	5548652182280586e-20	20059202958746826e-21	11208436156443908e-21	3771529323911347e-21	10187145616732508e-21	4109993149494744e-21	14577596387487695e-21	17804373194283555e-21	16270790672285296e-21	11208436156443908e-21	14186438148633378e-21	4475757375076033e-20	3855788748006809e-20	14541528019097025e-21	9049026018058176e-20	.00030567092082549985	1038466846090067e-21	1926182507028541e-20	9006764850822832e-21	4343746022432829e-21	6144708519132669e-21	5227150334194116e-21	4534951223379741e-21	22380789011970965e-21	25886796611519966e-21	7997604575539376e-21	1900551035667855e-20	918593742178546e-20	1876323002495231e-20	11208436156443908e-21	11208436156443908e-21	11850356099058715e-21	14839965282922824e-21	6476808774625635e-20	11208436156443908e-21	11208436156443908e-21	682682469122856e-19	14261297178104061e-21	11208436156443908e-21	552457493911435e-19	13116019132169581e-21	13003094858780613e-21	14933303767387001e-21	.00015203389304569651	7186715040865655e-20	24990139195415468e-21	3211005016233252e-20	19906274307948093e-21	11208436156443908e-21	11208436156443908e-21	11208436156443908e-21	.00010245987411793366	11644067171432318e-21	856679043811239e-20	11208436156443908e-21	14917644958742866e-21	6124466568274807e-20	11208436156443908e-21	11208436156443908e-21	11208436156443908e-21	11208436156443908e-21	12129106813881147e-21	11208436156443908e-21	9759708849187571e-21	11208436156443908e-21	5813820639749593e-21	35238136918402997e-22	3972310959332491e-20	9662547606574999e-20	11208436156443908e-21	11208436156443908e-21	11208436156443908e-21	11208436156443908e-21	11208436156443908e-21	11208436156443908e-21	8279960740052414e-21	11208436156443908e-21	17418304342703787e-21	11208436156443908e-21	11208436156443908e-21	931140037446609e-20	11208436156443908e-21	606299945847768e-20	17161295937361013e-21	21652913248419933e-21	11208436156443908e-21	.00019457947477564928	11208436156443908e-21	11208436156443908e-21	3046873221067243e-20	9000172444492768e-21	13923239227866997e-21	7703129687490209e-21	11208436156443908e-21	10858658646131777e-21	3816098634341483e-21	11208436156443908e-21	971531158162569e-20	11459153993172756e-21	.0005989200099319543	11208436156443908e-21	37217793541120976e-22	11208436156443908e-21	11208436156443908e-21	11208436156443908e-21	15726876863727107e-21	11208436156443908e-21	11208436156443908e-21
60699095692975444e-21	4508137765151567e-20	3820830877131877e-20	4010300108561741e-20	40843936294171604e-21	3481739666818478e-20	4166464317397967e-20	42047431258299524e-21	45758944014779614e-21	4462332569617479e-20	42047431258299524e-21	4629147925189985e-20	29438476390071615e-21	.00010683990630410338	42047431258299524e-21	27708558655154776e-21	42047431258299524e-21	42047431258299524e-21	42047431258299524e-21	39514053112880096e-21	42047431258299524e-21	42047431258299524e-21	42047431258299524e-21	42047431258299524e-21	9564154214590873e-20	.00012609472266238866	.00011991592139439215	27827729319159498e-21	42569907896545885e-21	8725700081657579e-20	42047431258299524e-21	3981654351763836e-20	42047431258299524e-21	4358017577922086e-20	4864585821346844e-20	15040625692806813e-21	3555016166275679e-20	47758196748076773e-21	4205938902693384e-20	4852551399661006e-20	4935303297679753e-21	51577222041298174e-21	4608231636068179e-20	35856071924409066e-21	42047431258299524e-21	42047431258299524e-21	9656505754805364e-20	6560347946648908e-20	41660094225195676e-22	.0001600690763842921	8752791493901079e-20	40062926738454535e-21	4178447703565754e-20	42047431258299524e-21	34077889765445003e-21	24786947260035445e-21	3777656991371369e-20	42047431258299524e-21	4099800713440491e-20	27395146659658584e-21	19749357081437712e-21	3978526610613433e-20	47173825774521574e-21	38614722697420056e-21	42047431258299524e-21	18357388938128266e-21	36426189855165985e-21	6555653678528553e-20	4204460863859858e-20	.00011006417858066898	.00026809043713927033	4401521886363469e-20	11136145067856497e-21	5836239821378751e-21	25250130070173593e-21	23941591703630293e-21	4019493612398838e-20	21309587788762638e-21	5088826721989535e-20	6392556475573504e-20	3978767987708832e-20	4449680846144749e-20	3299131206812727e-20	4648148864184411e-20	42047431258299524e-21	42047431258299524e-21	398210386979336e-19	4799706962446736e-20	9630661321649564e-20	42047431258299524e-21	42047431258299524e-21	41910955737283155e-21	3436082116729376e-20	42047431258299524e-21	4066321403185441e-20	3738554815634753e-20	44014787224723264e-21	4485935430685957e-20	.00011505329540224939	.00010156468734435607	1587451246436172e-20	1569788353956427e-20	4774231348302431e-20	42047431258299524e-21	42047431258299524e-21	42047431258299524e-21	.00012617296894457193	39252233811314334e-21	3694393482504335e-20	42047431258299524e-21	3770823956549866e-20	.00015369576437957854	42047431258299524e-21	42047431258299524e-21	42047431258299524e-21	42047431258299524e-21	4043741335585874e-20	42047431258299524e-21	38018600038430246e-21	42047431258299524e-21	42807192382892256e-21	3594246663421923e-20	1682494675678628e-20	.00010005116388132623	42047431258299524e-21	42047431258299524e-21	42047431258299524e-21	42047431258299524e-21	42047431258299524e-21	42047431258299524e-21	37927075484510316e-21	42047431258299524e-21	35906849109296084e-21	42047431258299524e-21	42047431258299524e-21	4111354051230522e-20	42047431258299524e-21	27923645473902128e-21	4418809060642177e-20	1615536973979066e-20	42047431258299524e-21	3625351802175923e-20	42047431258299524e-21	42047431258299524e-21	14975085640770471e-21	49672537468281606e-21	4791003558366981e-20	48480830055421346e-21	42047431258299524e-21	4347028307157626e-20	46612665157290785e-21	42047431258299524e-21	38536952102716686e-21	4488607224797597e-20	.0006335331403218265	42047431258299524e-21	3816894487953508e-20	42047431258299524e-21	42047431258299524e-21	42047431258299524e-21	43792098277802925e-21	42047431258299524e-21	42047431258299524e-21
26686062757246724e-21	11333365308794138e-21	1026071222927693e-20	124834988512104e-19	18777912082651427e-21	11208436156443908e-21	42047431258299524e-21	0	23023098494715154e-21	37357990092907733e-22	0	24983867774311973e-21	47033661684230555e-21	.00011012588084530515	0	8150560824422057e-21	0	0	0	819088817739247e-20	0	0	0	0	8252922915358781e-20	8708547794601193e-20	9641777075278585e-20	13027376090697396e-21	11683410707686735e-21	4980797027706622e-20	0	1264236009468131e-20	0	5243035365709906e-21	20152831672387584e-21	9702070509513672e-21	1592201662950949e-20	3936234445243829e-20	36885863500846486e-21	7935544979045945e-21	3316470921590876e-20	56831603639430005e-21	16677563093874212e-21	12834581753520151e-21	0	0	6380569894403006e-20	37306377969424874e-21	27020434436516904e-21	.0001106813802781997	50897425661067656e-21	18249119228755132e-21	15516792233479524e-21	0	14771893446054934e-21	5423630287738198e-20	17783534923278394e-21	0	1636128267302223e-20	8536222763959894e-21	10472245332285827e-21	7760304415928073e-21	13381887925824703e-21	34402341846690136e-21	0	19159066841590033e-21	4641124991327344e-20	3645255593332529e-20	17494581056595965e-21	8045773127961574e-20	.00030145822388504895	12197437692857944e-21	15378166210743185e-21	56222400214084905e-22	22059539403662925e-22	2740928544332295e-21	3648040234181525e-21	4137736417126799e-21	15476689605213766e-21	3284762410031773e-20	1782124395499898e-20	6798638290830376e-21	36218427321610347e-22	10870301190441876e-21	0	0	12359118502438185e-21	1954339315402432e-20	5908921693848107e-20	0	0	2180690575271075e-21	6069656132466266e-21	0	15100349127429067e-21	1630392441789935e-20	1266560639822833e-20	.00010594836146266642	.0001462906766551615	5782755834986212e-20	164409802519961e-19	26066032173199232e-21	17594975473872008e-21	0	0	0	9091205516949492e-20	12844639207800268e-21	7621398845488492e-21	0	14916076873900314e-21	6552087858893111e-20	0	0	0	0	11909027202799699e-21	0	13494348489310409e-21	0	6689740520253501e-21	44313818856876365e-22	42731599636236614e-21	9090242126848946e-20	0	0	0	0	0	0	1371356807215195e-20	0	1889621805053023e-20	0	0	9530567429524043e-21	0	2632765014578224e-21	18155599853197548e-21	1165248445445971e-20	0	13028881541333045e-21	0	0	34304577499892425e-21	5410845804405755e-21	11779082358001688e-21	14486497042911158e-21	0	7621588239517993e-21	12092325867264962e-21	0	1965320395857397e-20	33209420508827423e-22	.0005985160329519964	0	13091291054877908e-21	0	0	0	8834443321040289e-21	0	0
1897469822172026e-20	15604880625159157e-21	19138504026453775e-21	836586894694607e-20	16808802298639375e-21	16390685249347117e-21	45758944014779614e-21	23023098494715154e-21	22231606341674136e-21	8132456123498222e-21	23023098494715154e-21	21526571456447233e-21	13656720621595568e-21	.00011336756449388885	23023098494715154e-21	33459488779987325e-22	23023098494715154e-21	23023098494715154e-21	23023098494715154e-21	1582207171286873e-20	23023098494715154e-21	23023098494715154e-21	23023098494715154e-21	23023098494715154e-21	6637567718613483e-20	8004823192136925e-20	945360005908467e-19	10671425058914034e-21	25116960514511137e-21	5354616728012558e-20	23023098494715154e-21	6406990741705129e-21	23023098494715154e-21	11186660574792131e-22	30430765376405403e-21	1810835344055655e-20	12426671180020929e-21	45874076966955136e-21	31708658929173705e-21	6815838740172537e-21	37107144629627274e-21	4729076091949191e-20	693967143065746e-20	1240160212055188e-20	23023098494715154e-21	23023098494715154e-21	6009486459229112e-20	20475447035221174e-21	1901725314763687e-20	.00011164617917725782	5730062186254781e-20	9811909498174215e-21	9889540440881532e-21	23023098494715154e-21	10747406434019478e-21	51410850594755164e-21	1576527294121783e-20	23023098494715154e-21	4564495464052971e-21	5980186906064978e-21	5110843905364437e-21	13663285946202539e-21	16908626402966496e-21	9218504256789023e-21	23023098494715154e-21	1969416998990836e-20	42179334675754934e-21	3029369909486288e-20	1822912337336014e-20	8451277554045235e-20	.0003153404758780493	15429610344687677e-21	14710272955028065e-21	6511391424000871e-21	2749365656453737e-21	25131659177205e-19	4154402052863856e-21	10771957007044204e-21	20592421358708733e-21	27745371169022278e-21	19164078379016315e-21	18908392202410515e-21	26059392726255866e-21	.00010615851001502458	23023098494715154e-21	23023098494715154e-21	1727927243862677e-20	1778473319741835e-20	6779712621599405e-20	23023098494715154e-21	23023098494715154e-21	10959759977913926e-21	5699772602809898e-21	23023098494715154e-21	15423350628482816e-21	899667789126068e-20	13993023236661443e-21	1981194157483136e-20	.00015385736845396845	6622245481187087e-20	29968371306111473e-21	2551476738719245e-20	12946822745588713e-21	23023098494715154e-21	23023098494715154e-21	23023098494715154e-21	9533015325277586e-20	1760560857312898e-20	4531045719962413e-21	23023098494715154e-21	32154095100798114e-22	.00016087231353521854	23023098494715154e-21	23023098494715154e-21	23023098494715154e-21	23023098494715154e-21	8551541357025949e-21	23023098494715154e-21	10572406248814948e-21	23023098494715154e-21	11182253535384655e-21	23839839815895164e-21	3886297456149059e-20	9654722834086115e-20	23023098494715154e-21	23023098494715154e-21	23023098494715154e-21	23023098494715154e-21	23023098494715154e-21	23023098494715154e-21	13202831910611425e-21	23023098494715154e-21	14542782763908632e-21	23023098494715154e-21	23023098494715154e-21	5864976470894779e-21	23023098494715154e-21	6537094263110282e-21	20881267274886812e-21	13005274450435417e-21	23023098494715154e-21	14166870702795928e-21	23023098494715154e-21	23023098494715154e-21	3157038947242785e-20	57323661377592946e-22	15493738014084648e-21	9357542945050746e-21	23023098494715154e-21	15041328509455135e-21	5703662528038582e-21	23023098494715154e-21	31150475037110225e-21	14998079913446275e-21	.0005955280613873783	23023098494715154e-21	75631799250047465e-22	23023098494715154e-21	23023098494715154e-21	23023098494715154e-21	16970576365907877e-21	23023098494715154e-21	23023098494715154e-21
2004513850845181e-20	19830599700263232e-21	14574362699313528e-21	1629507745709114e-20	27058096033208506e-21	9390694589686975e-21	4462332569617479e-20	37357990092907733e-22	8132456123498222e-21	1380536975527939e-20	37357990092907733e-22	21151275786657486e-21	11564946364320354e-21	.00010700628266778337	37357990092907733e-22	4890839122161415e-21	37357990092907733e-22	37357990092907733e-22	37357990092907733e-22	12579631448149698e-21	37357990092907733e-22	37357990092907733e-22	37357990092907733e-22	37357990092907733e-22	.000132018984180162	9639552733609795e-20	9631636856929187e-20	13824986000371345e-21	2270436588842007e-20	6583520828484783e-20	37357990092907733e-22	16535338614022875e-21	37357990092907733e-22	10189642730720515e-21	4042688140873443e-20	22755683454355188e-21	5338264329527683e-21	34144490890279194e-21	3241167765482424e-20	12176995714768556e-21	3121390649234636e-20	.0001240653940544123	11419001724490005e-21	74603447788325216e-22	37357990092907733e-22	37357990092907733e-22	6535555092995949e-20	3807000721715701e-20	31186730151672036e-21	.00010976463009092071	5741621275901292e-20	17803359442769354e-21	15068090419546225e-21	37357990092907733e-22	6726019115867351e-21	547866060813668e-19	32302907569749067e-22	37357990092907733e-22	7935105909956941e-21	38834424488099666e-22	17823557849992066e-21	9855431150838835e-21	17333018772464436e-21	13868028608487117e-21	37357990092907733e-22	16512144763529167e-21	5425388363386171e-20	3594416968738889e-20	1778908212191475e-20	9100313937361236e-20	.0003096450775939798	16475328924146418e-21	15680711225505396e-21	9791141082238882e-21	6523257396587316e-21	33103371689967715e-22	6963477347233506e-21	5389930522980678e-21	2428439485756292e-20	3221533359952823e-20	1662881090775597e-20	9654652853436199e-21	9967557217239836e-21	17767663265406798e-21	37357990092907733e-22	37357990092907733e-22	10134064083986442e-21	33937864139357497e-22	6857879458828492e-20	37357990092907733e-22	37357990092907733e-22	8828067176215929e-21	10793559811865427e-21	37357990092907733e-22	11672580333252458e-22	10499617290706222e-21	24395880950358254e-21	15350056848641304e-21	.0001547540162764562	6377592314081542e-20	29482396991123968e-21	23447032108270044e-21	27604456454760293e-21	37357990092907733e-22	37357990092907733e-22	37357990092907733e-22	9874791618102998e-20	15954666847576517e-21	11408044787131038e-21	37357990092907733e-22	12270991224821982e-21	5720892628115144e-20	37357990092907733e-22	37357990092907733e-22	37357990092907733e-22	37357990092907733e-22	1575858682263453e-20	37357990092907733e-22	16884461251426905e-21	37357990092907733e-22	18148651101851626e-21	937020255645497e-20	4881053160831354e-20	9720953679477898e-20	37357990092907733e-22	37357990092907733e-22	37357990092907733e-22	37357990092907733e-22	37357990092907733e-22	37357990092907733e-22	1727100853651456e-20	37357990092907733e-22	11461242640650257e-21	37357990092907733e-22	37357990092907733e-22	6548091494521979e-21	37357990092907733e-22	8940242597840895e-21	16118889182573445e-21	11723355771156485e-21	37357990092907733e-22	72739230284290044e-22	37357990092907733e-22	37357990092907733e-22	2650126339117463e-20	15475045825722232e-21	15677349680981663e-21	16728820190981545e-21	37357990092907733e-22	20008590768027104e-21	14117315662499871e-21	37357990092907733e-22	13243780606428126e-21	1714859322969973e-20	.0006073567708716173	37357990092907733e-22	19505272601540215e-21	37357990092907733e-22	37357990092907733e-22	37357990092907733e-22	18415981963843374e-21	37357990092907733e-22	37357990092907733e-22
26686062757246724e-21	11333365308794138e-21	1026071222927693e-20	124834988512104e-19	18777912082651427e-21	11208436156443908e-21	42047431258299524e-21	0	23023098494715154e-21	37357990092907733e-22	0	24983867774311973e-21	47033661684230555e-21	.00011012588084530515	0	8150560824422057e-21	0	0	0	819088817739247e-20	0	0	0	0	8252922915358781e-20	8708547794601193e-20	9641777075278585e-20	13027376090697396e-21	11683410707686735e-21	4980797027706622e-20	0	1264236009468131e-20	0	5243035365709906e-21	20152831672387584e-21	9702070509513672e-21	1592201662950949e-20	3936234445243829e-20	36885863500846486e-21	7935544979045945e-21	3316470921590876e-20	56831603639430005e-21	16677563093874212e-21	12834581753520151e-21	0	0	6380569894403006e-20	37306377969424874e-21	27020434436516904e-21	.0001106813802781997	50897425661067656e-21	18249119228755132e-21	15516792233479524e-21	0	14771893446054934e-21	5423630287738198e-20	17783534923278394e-21	0	1636128267302223e-20	8536222763959894e-21	10472245332285827e-21	7760304415928073e-21	13381887925824703e-21	34402341846690136e-21	0	19159066841590033e-21	4641124991327344e-20	3645255593332529e-20	17494581056595965e-21	8045773127961574e-20	.00030145822388504895	12197437692857944e-21	15378166210743185e-21	56222400214084905e-22	22059539403662925e-22	2740928544332295e-21	3648040234181525e-21	4137736417126799e-21	15476689605213766e-21	3284762410031773e-20	1782124395499898e-20	6798638290830376e-21	36218427321610347e-22	10870301190441876e-21	0	0	12359118502438185e-21	1954339315402432e-20	5908921693848107e-20	0	0	2180690575271075e-21	6069656132466266e-21	0	15100349127429067e-21	1630392441789935e-20	1266560639822833e-20	.00010594836146266642	.0001462906766551615	5782755834986212e-20	164409802519961e-19	26066032173199232e-21	17594975473872008e-21	0	0	0	9091205516949492e-20	12844639207800268e-21	7621398845488492e-21	0	14916076873900314e-21	6552087858893111e-20	0	0	0	0	11909027202799699e-21	0	13494348489310409e-21	0	6689740520253501e-21	44313818856876365e-22	42731599636236614e-21	9090242126848946e-20	0	0	0	0	0	0	1371356807215195e-20	0	1889621805053023e-20	0	0	9530567429524043e-21	0	2632765014578224e-21	18155599853197548e-21	1165248445445971e-20	0	13028881541333045e-21	0	0	34304577499892425e-21	5410845804405755e-21	11779082358001688e-21	14486497042911158e-21	0	7621588239517993e-21	12092325867264962e-21	0	1965320395857397e-20	33209420508827423e-22	.0005985160329519964	0	13091291054877908e-21	0	0	0	8834443321040289e-21	0	0
