.172088022212642	.3306639387253445	.14513349493121006	.10333178645739882	.11899311091820497	.07438901416271639	.05540063259248319
.17208802220943567	.33066393875866035	.14513349492556074	.10333178645012465	.11899311091373359	.07438901415704523	.05540063258543991
.17208801960821934	.3306639657865209	.1451334903424347	.1033317805488446	.11899310728625656	.07438900955624812	.055400626871475706
.17208801960821934	.3306639657865209	.1451334903424347	.1033317805488446	.11899310728625656	.07438900955624812	.055400626871475706
.17208802091043093	.3306639522559301	.1451334926368228	.10333178350312229	.11899310910223118	.07438901185948273	.05540062973198002
.17208802303345497	.3306639514080048	.14513349226465536	.10333178323814743	.11899310879709582	.07438901166872615	.055400629589915554
.1720880200625056	.33066395555393413	.14513349192170988	.10333178299397798	.11899310851591918	.07438901149294747	.05540062945900577
.17208802053826347	.3306639515408172	.1451334944856063	.10333178327965102	.11899310884488984	.07438901169860478	.05540062961216742
.17208802064545603	.33066395174678576	.14513349241335152	.10333178488377931	.11899310891900991	.07438901174494122	.055400629646676136
.17208802060529554	.3306639516696181	.14513349237948148	.10333178331990105	.11899311066437578	.07438901172758094	.0554006296337472
.17208802071967433	.33066395188939485	.14513349247594484	.1033317833885808	.11899310897032939	.07438901288550645	.05540062967056938
.17208802076836646	.33066395198295584	.14513349251701022	.10333178341781842	.11899310900399837	.0743890117980721	.05540063051177865
.17208802082361377	.33066395208911253	.145133492563604	.10333178345099216	.11899310904220002	.07438901182195401	.05540063020852362
.17208802091043093	.3306639522559301	.1451334926368228	.10333178350312229	.11899310910223118	.07438901185948273	.05540062973198002
.17208802091043093	.3306639522559301	.1451334926368228	.10333178350312229	.11899310910223118	.07438901185948273	.05540062973198002
.17208802091043093	.3306639522559301	.1451334926368228	.10333178350312229	.11899310910223118	.07438901185948273	.05540062973198002
.17208802091043093	.3306639522559301	.1451334926368228	.10333178350312229	.11899310910223118	.07438901185948273	.05540062973198002
.17208802091043093	.3306639522559301	.1451334926368228	.10333178350312229	.11899310910223118	.07438901185948273	.05540062973198002
.17208802085852176	.33066395215618766	.1451334925930443	.10333178347195295	.11899310927592807	.07438901196807002	.05540062967629511
.17208802091043093	.3306639522559301	.1451334926368228	.10333178350312229	.11899310910223118	.07438901185948273	.05540062973198002
.17208802091043093	.3306639522559301	.1451334926368228	.10333178350312229	.11899310910223118	.07438901185948273	.05540062973198002
.17208802091043093	.3306639522559301	.1451334926368228	.10333178350312229	.11899310910223118	.07438901185948273	.05540062973198002
.17208802091043093	.3306639522559301	.1451334926368228	.10333178350312229	.11899310910223118	.07438901185948273	.05540062973198002
.17208802091043093	.3306639522559301	.1451334926368228	.10333178350312229	.11899310910223118	.07438901185948273	.05540062973198002
.17208802091043093	.3306639522559301	.1451334926368228	.10333178350312229	.11899310910223118	.07438901185948273	.05540062973198002
.17208802091043093	.3306639522559301	.1451334926368228	.10333178350312229	.11899310910223118	.07438901185948273	.05540062973198002
.17208802102901377	.33066395248378483	.14513349273683177	.1033317835743264	.11899310876021658	.07438901164567095	.05540062977015562
.17208802091043093	.3306639522559301	.1451334926368228	.10333178350312229	.11899310910223118	.07438901185948273	.05540062973198002
.17208802091043093	.3306639522559301	.1451334926368228	.10333178350312229	.11899310910223118	.07438901185948273	.05540062973198002
.17208802091043093	.3306639522559301	.1451334926368228	.10333178350312229	.11899310910223118	.07438901185948273	.05540062973198002
.17207497654779572	.3307995190166173	.1451105073434986	.10330218623346701	.11897490958900236	.07436593218129003	.055371969088328914
.17194228114833604	.33218193072181534	.1448765133411643	.10300082079661968	.11878840579617608	.07413011835281781	.05507992984307093
.1718091748203415	.33357160394843505	.1446429716577325	.10270122914336743	.11859356661145905	.07389038514669807	.054791068671966425
.17154619043247765	.33631948601652173	.14418277225383888	.10211208441942375	.11820166363697591	.07341404499064011	.05422375825012192
.17076354799697366	.34442053512213994	.14283437013202963	.1004033720357745	.11698928594254657	.07199458843086363	.05259430033967217
.17074185616347975	.34456510718436395	.14280325484798637	.10036729934362346	.11698297135271916	.0719785483026309	.05256096280519656
.169861469748224	.3533377255926002	.14133744429404602	.09854764525800504	.11561587190443301	.0704409253266882	.05085891787600358
.16982749487629126	.3535961404383043	.1412860981787849	.09848623267916883	.1155966117478221	.07040692882017628	.0508004932594523
.1688231397957192	.3630726014215348	.13968070802564103	.09654153387418228	.11409345337629684	.06876547959756786	.04902308390905791
.1676593865032395	.37342102203474814	.1378939929281136	.09442997011110929	.11245122442832552	.06700783646224645	.04713656753221741
.16635275723864154	.38442422481670496	.1359642222079242	.09220726675275938	.11068177491737811	.06516721697414621	.04520253709244559
.16490525034613335	.39597555361113357	.13390514609013868	.0898969092112461	.10880262955961698	.06326678024673772	.043247730934993664
.1633160040119397	.4080140703693988	.13172404725584708	.08751308133419285	.10682363919424326	.061320613651691426	.041288544182686876
.16158481679379733	.4204883937129018	.12942760839321096	.08506796254875491	.10475291327745492	.05934019913104939	.03933810614283053
.1597129694474848	.433348342315161	.12702320542113932	.08257329351638108	.10259839370549259	.057335983294884534	.037407812299456646
.15770324112245127	.44654371055445247	.12451898801951373	.08004053388091324	.10036821106110189	.055317709053408604	.03550760630815884
.15555974793532712	.4600246242076109	.12192370914598226	.07748074335689432	.09807070204321505	.05329444712893233	.033646026182038144
.15328775893832497	.4737421076734014	.11924653489777469	.07490445180051081	.09571433284614767	.05127456962422934	.0318302442196112
.14926430640257804	.4967964610851102	.11466584014018599	.07063904387322517	.09171275774389737	.047967346574902064	.028954244180101167
.1492489965319902	.49692782137704805	.11464492383783532	.07061371620368972	.09169349551680449	.04794535711335678	.02892568941927559
.1449047361929767	.5204001770418778	.10988783805356078	.06635187071752534	.08757368369332424	.0446838531099944	.026197841190740794
.1402957979763217	.5440178170907923	.10501700234077894	.062144152770588997	.08338931270758898	.04150330274283929	.02363261437108982
.12951554120634207	.5952148067346619	.09418900181365521	.05329533920447266	.07419743855614361	.03494303379807496	.018644838686649515
.1296414648797516	.5945763808066893	.09431842450504135	.053406039207155934	.07430820461610088	.035027576524562155	.018721909460698766
.11810307675322575	.6446694842017706	.08341434309178702	.04510313398046299	.06518765595041427	.029025261743133846	.014497044279205663
.11834202945404555	.6435265333312569	.08364783389540797	.04529509564892516	.06538519847848472	.029170881307339525	.0146324278845402
.10660985683780329	.6905920792511602	.07314995535023236	.037822295913089894	.05672361011334455	.023900635204819567	.011201567329550252
.10682460487885677	.6896428566402452	.07334576714905608	.03797416108741592	.05688670862110578	.024014817746725762	.011311083876594848
.0953348092548801	.7325838724464762	.06356747712108324	.03145216756719892	.048921636560158216	.019526459875181354	.00861357717502221
.08422553019343533	.7716967311801347	.05451330639881755	.025756215518540675	.04162765486029789	.01569427531574356	.006486286533030331
.07390406783547061	.8059124161016071	.04646815144399739	.02100566799101298	.0352237062723904	.012578543413463107	.004907446942058414
.06439665863042336	.8358758015481403	.03934563725111851	.01703138283825839	.029611764102885386	.01002876481734209	.0037099908118320367
.055711734330123525	.8620637784415214	.03307140032637595	.013707670070466211	.024715533258606807	.007939154101579984	.002790729471325999
.04787285585397312	.8847634671507643	.02760133242423027	.010951072602186723	.02048477959484093	.00623900508200148	.0020874872920029286
.04092695752471836	.9040818767388106	.02292317919510653	.008714166663588372	.016899524847759414	.004887630562726315	.001566664467290385
.03487959852686811	.9202342309068762	.018996150833693166	.006938193425977619	.013918497337532445	.0038387466675196655	.001194582301533004
.03488105648094599	.9201273801094463	.0190124966243271	.006964440959168876	.013935533298590869	.0038612347967506683	.001217857730770371
.029682181137701207	.9335511414624109	.015747951691636532	.005556432400700052	.011478029544208351	.0030437190135782378	.0009405447497645311
.025211875431324006	.9446876907511816	.013035871157869524	.004448611745423507	.009454753560200183	.002415088526397274	.0007461088276041463
.021375747395844514	.9539534692692762	.010782050120893645	.0035715188402040705	.007786605942835611	.0019265942213258476	.0006040142096200395
.018110179219122075	.9616101053078071	.008924135769506288	.0028824879046016774	.006422412424657536	.0015498868382299046	.0005007925360757043
.01535074074788916	.9678936049354528	.007404537324823261	.0023461198897788108	.005315382760932138	.0012622093529128695	.00042740498821092074
.01303474223611657	.9730110936436649	.006171749037211062	.0019337885552107338	.004424920920818468	.001046003608154198	.00037770199882402266
.011093790592225984	.9771812391164912	.00517230255527355	.0016164970616102667	.0037088349937581216	.0008831917690844831	.00034414391155665214
.009467464984153427	.9805869540614544	.004361152946273828	.0013712481916274262	.0031321432375367602	.0007598117659044966	.00032122481304972336
.008104571485685047	.9833757862901202	.0037017651832433733	.0011805393478020354	.002666641635946404	.000665452592485745	.0003052434647171642
.006965599833741775	.9856524998563332	.003167619861941249	.0010331256122291868	.00229238930410749	.0005939153619904389	.0002948501696567118
.006973763333163303	.9856232581390305	.003174656798229266	.0010373374115462658	.0022981112889362814	.0005966408522925593	.0002962321768018488
.006023195912063326	.9874806496675618	.0027421120339917305	.0009234669250743525	.001997322550280747	.0005426376112524689	.0002906152997756617
.005232339078234263	.9889895730720928	.0023939268535826974	.0008363887208701791	.0017573862464589976	.0005023555445787883	.00028803048418237414
.004181524498403295	.9909546727652914	.0019455048539358387	.0007281303003353012	.001450554755308458	.0004528785684863003	.00028673425823936785
.0041990815898013305	.9909006540385628	.0019587422095104674	.0007347865005507416	.001461182329996197	.00045700660580694013	.0002885467257715027
.0034264101366251578	.9922882288485374	.0016463155600610093	.0006662059485358768	.001251408070092204	.0004278874398888143	.0002935439962593683
.002864714487044431	.9932538529119276	.0014327349042219963	.0006236892540600849	.0011120805177847564	.00041147967320615924	.000301448251754988
.0024584256982327643	.9939270971169525	.0012873291001854513	.0005966771583280819	.001019487003123146	.0004015861006702553	.000309397822508083
.0021902962120489036	.9942828115572363	.0012101668661177235	.0005954737387887181	.0009810939793513474	.00040943327064254956	.000330724375814642
.00217223284209242	.9943454694096129	.001196140719031478	.0005874055321635496	.0009685278044096485	.0004034995575518439	.0003267241351383811
.001965557033881228	.9946283217768462	.001135102231529644	.0005825178913668688	.0009386012059617553	.00040673833682019155	.0003431615235940318
.0018097388863768606	.9948283961211954	.0010902259459922726	.0005787763421249222	.0009217388617336161	.000410924925003918	.0003601989175728356
.0016296196927930026	.9950856007077782	.0010317622605655848	.0005653325253899645	.0008996551715008825	.00040979236315889236	.0003782372788135432
.0016429073019191304	.9950281731993715	.0010430536877696162	.0005735091450666332	.0009109681119393865	.00041664840742725387	.0003847401465065043
.0015444426274057912	.9950962592007994	.0010199893361711062	.0005730117318846455	.0009248858112957977	.00042777109593078336	.0004136401965126076
.0014976984015871077	.9950753000787037	.0010158129949187817	.000576102636404029	.0009548388660380464	.00044068763792996324	.0004395593844182572
.0014964161090017566	.9950496726759409	.0010178193928364458	.0005803979559131885	.0009621713669033614	.0004465425269726913	.00044697997243172197
.0015136022157159672	.9947538452313067	.0010551172831270534	.000610796785752457	.0010610820023107806	.0004935123032038098	.000512044178583396
.001491983181869685	.9948630790202152	.0010374846708622548	.0005980664734518573	.001036293139496902	.00047938377875457054	.0004937097353495805
.0015168543393544944	.9945423485778773	.0010720215695542324	.0006238254377276873	.0011571603168544385	.0005306805204774907	.0005571092381545575
.0015413956772988514	.994287848559773	.0010964914423834385	.0006366125919131727	.0012831437027548357	.0005725438443221398	.0005819641815545191
.0015496147360289387	.9941910270151963	.0011074361126714061	.0006481055483283355	.0013078700693936309	.000588945627352425	.0006070008910288437
.0015819338919866126	.9937843465503068	.001137779635447764	.0006673753169949893	.0014980615872505472	.0006555516822090383	.0006749513358042514
.0015854586354372194	.9937957073426027	.0011394535574865835	.0006670815864601618	.0014959134605530833	.000653157548876056	.0006632278685841285
.0015912314974248591	.9937564864042419	.001144781764080443	.0006713780570143678	.0015062396411347069	.0006590273629541483	.0006708552731496929
.001645132295791716	.993176685061484	.0011904017200077433	.0007008846629276811	.0017848508301747574	.0007546416021771547	.0007474038274368987
.0016676101850642024	.993031789161326	.001210666489260298	.0007165327665857694	.0018285441820803728	.0007780202901931387	.000766836925490146
.0016475668027092277	.9931996190946422	.001190271594233932	.0006982366132263272	.0017805114979569502	.0007489935225077765	.0007348008747236663
.001645132295791716	.993176685061484	.0011904017200077433	.0007008846629276811	.0017848508301747574	.0007546416021771547	.0007474038274368987
.001645132320265768	.993176685037137	.0011904017199785614	.0007008846629104993	.001784850830131003	.0007546416021586552	.0007474038274185766
.001645132271444604	.9931766851624656	.00119040170239041	.0007008846525549485	.0017848508037598828	.000754641591008847	.0007474038163757063
.0016451322957625341	.9931766850438667	.0011904017377249955	.0007008846629152486	.001784850830143097	.0007546416021637686	.000747403827423641
.0016451322957745343	.9931766850511113	.0011904017199953108	.0007008846733643565	.0017848508301561163	.0007546416021692732	.0007474038274290928
.0016451322957479616	.9931766850350692	.0011904017199760829	.0007008846629090401	.0017848508567236368	.000754641602157084	.0007474038274170205
.0016451322957732168	.9931766850503159	.0011904017199943573	.0007008846629197997	.0017848508301546867	.0007546416134137049	.0007474038274284942
.0016451322957733942	.9931766850504229	.0011904017199944855	.0007008846629198752	.0017848508301548792	.0007546416021687501	.0007474038385657597
.0016451322957880398	.9931766850592646	.0011904017200050831	.0007008846629261149	.0017848508301707689	.0007546416021754684	.0007474038296698784
.001645132295791716	.993176685061484	.0011904017200077433	.0007008846629276811	.0017848508301747574	.0007546416021771547	.0007474038274368987
.001645132295791716	.993176685061484	.0011904017200077433	.0007008846629276811	.0017848508301747574	.0007546416021771547	.0007474038274368987
.001645132295791716	.993176685061484	.0011904017200077433	.0007008846629276811	.0017848508301747574	.0007546416021771547	.0007474038274368987
.001645132295791716	.993176685061484	.0011904017200077433	.0007008846629276811	.0017848508301747574	.0007546416021771547	.0007474038274368987
.001645132295791716	.993176685061484	.0011904017200077433	.0007008846629276811	.0017848508301747574	.0007546416021771547	.0007474038274368987
.0016451322957830301	.9931766850562402	.0011904017200014582	.0007008846629239805	.001784850834417266	.0007546416039709033	.0007474038266631917
.001645132295791716	.993176685061484	.0011904017200077433	.0007008846629276811	.0017848508301747574	.0007546416021771547	.0007474038274368987
.001645132295791716	.993176685061484	.0011904017200077433	.0007008846629276811	.0017848508301747574	.0007546416021771547	.0007474038274368987
.001645132295791716	.993176685061484	.0011904017200077433	.0007008846629276811	.0017848508301747574	.0007546416021771547	.0007474038274368987
.001645132295791716	.993176685061484	.0011904017200077433	.0007008846629276811	.0017848508301747574	.0007546416021771547	.0007474038274368987
.001645132295791716	.993176685061484	.0011904017200077433	.0007008846629276811	.0017848508301747574	.0007546416021771547	.0007474038274368987
.001645132295791716	.993176685061484	.0011904017200077433	.0007008846629276811	.0017848508301747574	.0007546416021771547	.0007474038274368987
.001645132295791716	.993176685061484	.0011904017200077433	.0007008846629276811	.0017848508301747574	.0007546416021771547	.0007474038274368987
.001645132295820394	.9931766850787969	.0011904017200284939	.0007008846629398986	.001784850817954186	.0007546415970102515	.0007474038274499274
.001645132295791716	.993176685061484	.0011904017200077433	.0007008846629276811	.0017848508301747574	.0007546416021771547	.0007474038274368987
.001645132295791716	.993176685061484	.0011904017200077433	.0007008846629276811	.0017848508301747574	.0007546416021771547	.0007474038274368987
.001645132295791716	.993176685061484	.0011904017200077433	.0007008846629276811	.0017848508301747574	.0007546416021771547	.0007474038274368987
.0016488697191887195	.9931667042305766	.0011928148775028854	.0007016291798639567	.0017907191234721696	.0007557326562138574	.000743530213181798
.0017359187070377367	.9923186729736585	.0012634310659380968	.0007473141220874295	.0022055345501367034	.0008937001237852394	.000835428457356274
.001820259599866239	.9913203532926466	.0013296496058809622	.0007882827218000174	.0027577624194087343	.0010565531598024733	.0009271392005950345
.0019194481456908477	.990036763677948	.0014074859130716784	.0008373728085766297	.0035027618629307478	.00125830446329088	.0010378631284912764
.0020342687627654754	.9883929190706211	.0014971475327640246	.0008940948392193351	.004506717694999157	.0015086122237764534	.0011662398758543189
.00216325044634808	.9867102298778537	.0015974142413636668	.0009573223921279101	.0055422207347146785	.001715378430267096	.0013141838773248612
.002161454973501048	.9864213558812908	.0015955788914935928	.0009556514840144781	.00575971287976074	.0017944397806036723	.0013118061093354736
.002163733484180194	.9866791471808561	.0015975813524758329	.0009570925727938085	.005566099935314442	.0017237803878067414	.0013125650865726786
.00216325044634808	.9867102298778537	.0015974142413636668	.0009573223921279101	.0055422207347146785	.001715378430267096	.0013141838773248612
.0021632504785132913	.9867102298460473	.0015974142413121744	.0009573223920970509	.005542220734536026	.0017153784302118011	.0013141838772824986
.002163250414541532	.9867102300732549	.001597414217876681	.0009573223780522766	.005542220653226698	.0017153784050456676	.0013141838580022476
.0021632504462965876	.9867102298543668	.0015974142651289703	.0009573223921051228	.005542220734582756	.0017153784302262646	.0013141838772935794
.002163250446317221	.9867102298637782	.0015974142413408795	.0009573224063794688	.0055422207346356184	.001715378430242626	.0013141838773061143
.0021632504461694263	.9867102297963656	.0015974142412317435	.000957322392048849	.005542220816842494	.0017153784301254305	.0013141838772163285
.0021632504462927847	.9867102298526322	.001597414241322835	.0009573223921034399	.005542220734573013	.0017153784557843795	.0013141838772912692
.002163250446305717	.9867102298585311	.001597414241332385	.000957322392109163	.005542220734606146	.001715378430233504	.0013141838968819912
.0021632504463427586	.9867102298754264	.0015974142413597374	.0009573223921255553	.005542220734701045	.0017153784302628764	.001314183879781472
.00216325044634808	.9867102298778537	.0015974142413636668	.0009573223921279101	.0055422207347146785	.001715378430267096	.0013141838773248612
.00216325044634808	.9867102298778537	.0015974142413636668	.0009573223921279101	.0055422207347146785	.001715378430267096	.0013141838773248612
.00216325044634808	.9867102298778537	.0015974142413636668	.0009573223921279101	.0055422207347146785	.001715378430267096	.0013141838773248612
.00216325044634808	.9867102298778537	.0015974142413636668	.0009573223921279101	.0055422207347146785	.001715378430267096	.0013141838773248612
.00216325044634808	.9867102298778537	.0015974142413636668	.0009573223921279101	.0055422207347146785	.001715378430267096	.0013141838773248612
.002163250446299213	.9867102298555646	.0015974142413275822	.0009573223921062849	.005542220753599192	.001715378436112061	.0013141838749912576
.00216325044634808	.9867102298778537	.0015974142413636668	.0009573223921279101	.0055422207347146785	.001715378430267096	.0013141838773248612
.00216325044634808	.9867102298778537	.0015974142413636668	.0009573223921279101	.0055422207347146785	.001715378430267096	.0013141838773248612
.00216325044634808	.9867102298778537	.0015974142413636668	.0009573223921279101	.0055422207347146785	.001715378430267096	.0013141838773248612
.00216325044634808	.9867102298778537	.0015974142413636668	.0009573223921279101	.0055422207347146785	.001715378430267096	.0013141838773248612
.00216325044634808	.9867102298778537	.0015974142413636668	.0009573223921279101	.0055422207347146785	.001715378430267096	.0013141838773248612
.00216325044634808	.9867102298778537	.0015974142413636668	.0009573223921279101	.0055422207347146785	.001715378430267096	.0013141838773248612
.00216325044634808	.9867102298778537	.0015974142413636668	.0009573223921279101	.0055422207347146785	.001715378430267096	.0013141838773248612
.0021632504464897994	.9867102299424951	.0015974142414683168	.0009573223921906263	.005542220685049868	.0017153784148952896	.0013141838774109562
.00216325044634808	.9867102298778537	.0015974142413636668	.0009573223921279101	.0055422207347146785	.001715378430267096	.0013141838773248612
.00216325044634808	.9867102298778537	.0015974142413636668	.0009573223921279101	.0055422207347146785	.001715378430267096	.0013141838773248612
.00216325044634808	.9867102298778537	.0015974142413636668	.0009573223921279101	.0055422207347146785	.001715378430267096	.0013141838773248612
.0021626376225143402	.9865615221905877	.0015966163712357482	.0009563911890395047	.005654545997689537	.0017561509660166022	.0013121356629165423
.0022944592534343807	.9840390420348993	.001698341259108761	.0010200100619476725	.007345428443344483	.0021178587872076023	.0014848601600578953
.0022967702781448596	.9846306093034575	.0017001543315132328	.001021164757642574	.006882279675132443	.001982385809392712	.0014866358447167762
.00224668004717835	.9850754586740665	.0016614894662332197	.0009969606839103497	.006635830733809675	.001964418109693564	.0014191622851082563
.0022476323550248644	.9853000376458387	.0016622356439164768	.0009974361440076912	.00646045035252458	.001912334728196135	.0014198731304913986
.002337351413584494	.9843655830334005	.001731394480248956	.0010406659004055267	.006998986642113909	.0019816557697105966	.0015443627605361463
.0023357911143675656	.9840415281340235	.0017301546102599524	.0010398544258475903	.007251833993598613	.002057036367198344	.0015438013547043345
.002427523877488352	.9829213778156833	.0018007642963941718	.0010839339457873096	.007918907815743791	.0021569121080141983	.0016905801408888636
.0025235542272194554	.9822106891735675	.0018746385779292777	.0011300781271662676	.008212822997414016	.00217245365942359	.0018757632372800057
.002624992884784423	.982158337810408	.0019526366132146334	.0011788111401189686	.007897767064211515	.0020584518890178274	.002129002598244486
.0027318690982841743	.9825498616424219	.0020348217352085473	.0012302027139236256	.0070759435453720335	.0018533264483844899	.002523974816405209
.0028481274109199033	.9836673086738733	.0021246812460255144	.0012868510967746526	.005351564809558878	.0014343581241029744	.0032871086387447784
.002975932504605357	.9832671655341272	.002224525234611574	.0013507983227952387	.0034864376506723777	.000981189197255472	.005713951555932884
.0029810619077388716	.983336231459169	.002229131557979613	.0013542998359531559	.003326904842767802	.0009338570430519076	.005838513353339646
.0029192758966783035	.9838070599585613	.0021801302235584246	.0013222476194017624	.004341477746946745	.0011902372928411654	.004239571262012387
.002920495412119995	.9838760941135437	.002181201502822812	.0013230454029872147	.004269205466619665	.0011696345073075483	.004260323594599157
.002997995672423042	.9829890118106703	.0022425185715485864	.0013630342710586575	.003080679367958669	.0008703184985465812	.006456441807794351
.0029997132306899747	.9829276203920955	.0022440263007689793	.0013641557780993904	.0030727090133477464	.0008680166892022489	.006523758595796125
.0030806213333184574	.9759186540886583	.002310500062011766	.0014096845486998555	.002084135517332712	.0006091725729299413	.014587231877048894
.003082794362181661	.9753748630514744	.0023126656034668886	.0014115097796114514	.0020718803646436164	.0006065664085317232	.015139720430090686
.0030504797381305064	.9802055388920382	.0022852493554135576	.001391986549231001	.0024360553689686867	.0007024379218447354	.009928252174373074
.0030512812122747692	.9801173953965899	.002285995627547357	.0013925783965161626	.002427115737015836	.0007001107836007302	.010025522846455024
.003098693316581691	.9716300910712211	.002326507701923046	.001421652267042096	.0019034273676627196	.000561004546267683	.019058623729301644
.0030973981815809676	.9710715476772166	.0023255991789750603	.001421159988161073	.00190804739189763	.0005623926123201762	.019613854969848587
.0030973908951922704	.9419452602570833	.002332903675164867	.0014321910119432894	.0015416955100469602	.0004643023347556407	.049186256315813866
.0030752388463241406	.9356737434598228	.0023160270188733977	.0014216550279992494	.0015377664578346297	.00046299875601303137	.055512570433132916
.0030656746040921726	.9330127060823695	.0023087497928347103	.0014171193517894013	.0015322715747561992	.00046156000258639455	.05820191859157171
.0030973908951922704	.9419452602570833	.002332903675164867	.0014321910119432894	.0015416955100469602	.0004643023347556407	.049186256315813866
.0030973909412040316	.941945260213608	.0023329036750571923	.001432191011877187	.0015416955099758036	.0004643023347342109	.04918625631354368
.0030973908517170504	.941945261071944	.0023329036424200493	.0014321909918409445	.001541695488407602	.0004643023282386569	.04918625562543173
.0030973908950845956	.9419452602243383	.002332903709846742	.001432191011893502	.0015416955099933662	.00046430233473950005	.049186256314104
.0030973908951261674	.9419452602369808	.0023329036751150796	.0014321910332540332	.0015416955100140582	.00046430233474573177	.04918625631476416
.0030973908951211137	.9419452602354439	.002332903675111273	.0014321910119103874	.0015416955329845962	.0004643023347449742	.0491862563146839
.0030973908951708404	.9419452602505664	.0023329036751487267	.0014321910119333805	.0015416955100362938	.0004643023416710722	.04918625631547356
.003097390892922092	.941945259566701	.0023329036734550065	.00143219101089359	.0015416955089170017	.0004643023344153384	.049186257012695994
.003097390894997269	.9419452601977815	.0023329036750179954	.0014321910118531233	.0015416955099499003	.0004643023347264097	.04918625637567391
.0030973908951922704	.9419452602570833	.002332903675164867	.0014321910119432894	.0015416955100469602	.0004643023347556407	.049186256315813866
.0030973908951922704	.9419452602570833	.002332903675164867	.0014321910119432894	.0015416955100469602	.0004643023347556407	.049186256315813866
.0030973908951922704	.9419452602570833	.002332903675164867	.0014321910119432894	.0015416955100469602	.0004643023347556407	.049186256315813866
.0030973908951922704	.9419452602570833	.002332903675164867	.0014321910119432894	.0015416955100469602	.0004643023347556407	.049186256315813866
.0030973908951922704	.9419452602570833	.002332903675164867	.0014321910119432894	.0015416955100469602	.0004643023347556407	.049186256315813866
.0030973908972117535	.9419452608712268	.0023329036766859086	.0014321910128770705	.00154169551284607	.00046430233559863025	.049186255693554004
.0030973908951922704	.9419452602570833	.002332903675164867	.0014321910119432894	.0015416955100469602	.0004643023347556407	.049186256315813866
.0030973908951922704	.9419452602570833	.002332903675164867	.0014321910119432894	.0015416955100469602	.0004643023347556407	.049186256315813866
.0030973908951922704	.9419452602570833	.002332903675164867	.0014321910119432894	.0015416955100469602	.0004643023347556407	.049186256315813866
.0030973908951922704	.9419452602570833	.002332903675164867	.0014321910119432894	.0015416955100469602	.0004643023347556407	.049186256315813866
.0030973908951922704	.9419452602570833	.002332903675164867	.0014321910119432894	.0015416955100469602	.0004643023347556407	.049186256315813866
.0030973908951922704	.9419452602570833	.002332903675164867	.0014321910119432894	.0015416955100469602	.0004643023347556407	.049186256315813866
.0030973908951922704	.9419452602570833	.002332903675164867	.0014321910119432894	.0015416955100469602	.0004643023347556407	.049186256315813866
.0030973908952223444	.941945260266229	.002332903675187518	.0014321910119571952	.0015416955025997186	.0004643023325128037	.04918625631629143
.0030973908951922704	.9419452602570833	.002332903675164867	.0014321910119432894	.0015416955100469602	.0004643023347556407	.049186256315813866
.0030973908951922704	.9419452602570833	.002332903675164867	.0014321910119432894	.0015416955100469602	.0004643023347556407	.049186256315813866
.0030973908951922704	.9419452602570833	.002332903675164867	.0014321910119432894	.0015416955100469602	.0004643023347556407	.049186256315813866
.00306060891834775	.9315778551543487	.0023049039264192704	.0014147300910200026	.0015294496946394827	.0004607848163689823	.059651667398855926
.003106665906730818	.9593451101620433	.0023360881194068157	.0014307269537958468	.0016962555069352605	.0005057681733052705	.03157938517778273
.0031028996375444943	.9583547391896635	.00233319462352726	.0014288983267417403	.001697547290866209	.0005061982197213277	.032576522711935424
.003066874349454856	.93161798001554	.0023101293930576625	.0014183945494641256	.0015195938132715246	.0004584113252030497	.059608616554008786
.003061965290995006	.9301372646932826	.002306423367085237	.0014161114199747601	.0015157911417977923	.0004572299462828247	.061105214140581905
.002898659547848435	.8647574864678224	.0021877020090532717	.0013470987561864276	.0013271002823970284	.0004048928499999173	.12707706008669253
.0028814534662485957	.8596406857033708	.002174707394468113	.0013390885070295529	.0013183783260723037	.0004022237163387394	.13224346288647212
.002974134249523052	.8928282258167729	.002243130854875077	.0013798412945051697	.0013945062373030954	.0004238377306415434	.09875632381637917
.0029694653596055495	.8914341446091688	.002239605724547687	.0013776691046562136	.0013919780011972934	.0004230660357020739	.10016407116512241
.0027701181998073645	.8213529811315898	.00209209734082339	.0012895057845371829	.0012408673674868388	.00037996420923260265	.17087446596652267
.0023799679815965057	.696641450746132	.0018000115780480047	.0011118067617047341	.0010274860907600984	.00031695187256092065	.2967223249691976
.001788491650378781	.5165996400098108	.0013546764454602594	.0008385651481923538	.000750760411238091	.0002332775211082042	.47843458881381146
.0011737720307143824	.3344831800498969	.0008904058632310572	.0005523969815505586	.00048499207301479517	.00015177980986437746	.662263473191728
.0012417804943916845	.3538881660042014	.0009419857504435776	.0005843867017183746	.0005116361527625889	.00016011638711793013	.6426719285093644
.0013696549207789825	.39203330729506614	.0010384871478626336	.000643798687687518	.0005682769088119549	.00017743271006718034	.6041690423297257
.0014036625768115523	.4017765135132368	.001064268255085571	.0006597777132019028	.0005816582003763011	.0001816100759810503	.5943325096653068
.0011395567393516725	.323207298498782	.000864900696840143	.0005369828085698689	.00046662797366863606	.00014639364448063862	.673638239638307
.0010984329358836537	.3115373702926094	.0008336908443761928	.0005176079680744465	.0004502284058294785	.00014124904988396583	.6854214205033428
.0008850800420921112	.24873945167122682	.0006724382466400163	.0004181089226183363	.0003596407254822437	.00011336540582567699	.7488119149861148
.0007078642175460133	.19711735741112651	.0005383401224919274	.00033522124719709447	.0002862994470310895	9067180917927424e-20	.8009242457454281
.0005926267004485185	.16352680340873868	.00045114757693534406	.00028133292360476084	.0002389161322875998	7601843663126642e-20	.8348331548213538
.0005181044487455416	.1416672047987048	.00039480277137004	.000246547322824162	.0002085463026766944	6666163753230081e-20	.8568981327181464
.00045518384856317986	.12333322737571849	.00034719374051325465	.00021712210813943384	.0001832160643284847	5883305704066505e-20	.8754052238056964
.00039951744729888777	.10727223440842837	.0003050258758649495	.0001910162661897615	.00016106910896921217	5195665886664656e-20	.8916191802343822
.0003539319703493219	.09417497681867858	.0002704779995999924	.00016961295001333818	.00014307564240092225	46361031543639e-18	.9048415635874143
.00031915606764342707	.0841551400562217	.00024413103111174556	.00015329822409886857	.00012945799832411064	4213686156696966e-20	.9149566797610331
.00029188365606939255	.07626879223943776	.00022347749964921306	.00014051690950256807	.00011887378819883145	3886460045967456e-20	.9229175913066826
.00024302823313310327	.06197174069335777	.000186530219686577	.00011769905065831927	.00010029638492030378	3318162402792351e-20	.9373475237942159
.00023509802075097775	.05995250643369525	.0001804422741604879	.00011385638000336658	9705819007866889e-20	32110675040510444e-21	.9393889280262708
.00021411038270842167	.05327457582062173	.00016473139529651378	.00010430102910539696	8971870349460321e-20	3003233392216526e-20	.9461225303348512
.0001964853957626584	.04889414320131293	.00015116883625430493	9571161092018761e-20	8241269954982231e-20	2758766754089708e-20	.9505524905886592
.0002149258403288831	.0539947082861782	.0001652033537100609	.00010446018351748617	8955469361386092e-20	2984171162625152e-20	.9454013059310252
.0002095306105045124	.05264094392218907	.00016105553832017043	.00010183675708101242	8733132421465399e-20	29101101251383303e-21	.9467702007464391
.00019075305630173099	.04720976864347556	.0001468357511055862	9303745231539834e-20	8031126666778343e-20	26953999004762057e-21	.9522523398311292
.00017367844139906915	.042340891613103136	.00013388463123501334	850041078778428e-19	738856703807325e-19	24975047230413842e-21	.9571676804887739
.00015993377233201945	.038402922215881846	.0001234649029632608	7854606817725718e-20	6873424219364502e-20	2339974155822667e-20	.9611429990568937
.00014944981768699452	.035340949818582164	.00011553458834229091	7364689271315079e-20	6486243334282705e-20	22239090429059177e-21	.9642333173589035
.00014064497787454606	.03274996089648206	.00010888024070280376	6954132482800884e-20	6161748454137523e-20	21277018156565342e-21	.9668480780574146
.00013251807123793757	.03038163861528226	.00010273128599810088	6574120390153839e-20	58580505664972315e-21	20372413684068295e-21	.9692384179042312
.00012511243840792558	.028237443810688736	9712388135590255e-20	622719507133724e-19	55768022048852814e-21	19532502967405418e-21	.9714027473938178
.00011512665625885982	.02533847526455868	8956515979454942e-20	57597556671584945e-21	519231056103702e-19	18391561591564363e-21	.9743289206955145
.00010020018314857307	.02115271186229616	7822232323710056e-20	5054260281566778e-20	4591690372313858e-20	16564763734986768e-21	.9785558413610443
.00010324447317855479	.02179562086166243	8059895858259967e-20	52078329892875345e-21	47233190367076696e-21	17038966003887072e-21	.9779041852203125
